# From Telfer et al. 2001
#HST composite QSO spectrum 2001, radio-quiet objects, binsize = 1 Angstrom
#2171 0
wrest   flux     unkn
291.0 0.026910 0.019293
292.0 0.124962 0.020389
293.0 0.107183 0.018131
294.0 0.048065 0.015998
295.0 0.037526 0.015307
296.0 0.062611 0.017634
297.0 0.066683 0.016309
298.0 0.087172 0.018489
299.0 0.096605 0.017609
300.0 0.446931 0.029789
301.0 0.735800 0.037443
302.0 0.932348 0.042266
303.0 1.693388 0.055600
304.0 2.500565 0.069824
305.0 2.420627 0.068148
306.0 2.486396 0.067445
307.0 1.896074 0.092608
308.0 2.177098 0.089363
309.0 1.976732 0.086243
310.0 2.163527 0.108227
311.0 0.955938 0.683108
312.0 2.106179 0.664494
313.0 2.472324 0.589268
314.0 1.844503 0.322024
315.0 1.556887 0.281168
316.0 1.701694 0.263094
317.0 1.522808 0.236881
318.0 1.703805 0.219282
319.0 1.666420 0.206295
320.0 1.833660 0.213714
321.0 1.749183 0.176864
322.0 2.164824 0.171069
323.0 1.727542 0.149945
324.0 2.152714 0.206223
325.0 1.759686 0.058066
326.0 1.717852 0.057833
327.0 1.759146 0.058226
328.0 1.926427 0.240231
329.0 1.813655 0.108311
330.0 2.183811 0.111070
331.0 1.839917 0.099746
332.0 1.743189 0.095391
333.0 1.713281 0.091655
334.0 1.907962 0.093164
335.0 1.983814 0.141480
336.0 1.857023 0.141820
337.0 1.789277 0.087962
338.0 1.847235 0.085954
339.0 1.481049 0.078851
340.0 1.723181 0.081606
341.0 1.821429 0.082819
342.0 1.820989 0.082085
343.0 1.771011 0.080790
344.0 1.635553 0.076831
345.0 1.712802 0.078403
346.0 1.772000 0.078782
347.0 1.546707 0.081889
348.0 1.827981 0.079170
349.0 1.457922 0.058363
350.0 1.531812 0.060084
351.0 1.601605 0.061609
352.0 1.625638 0.138585
353.0 1.543966 0.083245
354.0 1.593034 0.080596
355.0 1.677253 0.074905
356.0 1.379558 0.137133
357.0 1.726387 0.160117
358.0 1.350480 0.122575
359.0 1.529680 0.165131
360.0 1.782869 0.162609
361.0 1.650670 0.154138
362.0 1.676627 0.139562
363.0 1.571307 0.140854
364.0 1.476229 0.123996
365.0 1.451985 0.125930
366.0 1.602959 0.142118
367.0 1.769648 0.142384
368.0 1.583683 0.130153
369.0 1.802882 0.135508
370.0 1.583613 0.123165
371.0 1.651918 0.140458
372.0 1.724603 0.128329
373.0 1.647886 0.139576
374.0 1.654992 0.130367
375.0 1.752848 0.136495
376.0 1.582893 0.125230
377.0 1.687016 0.125811
378.0 1.505221 0.112277
379.0 2.028935 0.143202
380.0 1.732432 0.133339
381.0 1.736813 0.135759
382.0 2.090394 0.208843
383.0 1.672089 0.109764
384.0 1.646543 0.102456
385.0 1.810657 0.116730
386.0 1.552495 0.106148
387.0 1.597099 0.119016
388.0 1.688681 0.130702
389.0 1.770385 0.127007
390.0 1.907231 0.130209
391.0 1.740151 0.114690
392.0 1.688675 0.115747
393.0 1.785017 0.119793
394.0 1.722383 0.115813
395.0 1.665808 0.121821
396.0 1.829124 0.121341
397.0 1.851518 0.124262
398.0 1.977427 0.131842
399.0 1.956248 0.118531
400.0 1.848584 0.129801
401.0 1.965662 0.142680
402.0 1.789277 0.169890
403.0 1.789859 0.180396
404.0 2.027446 0.181287
405.0 1.872732 0.174027
406.0 1.644349 0.159518
407.0 1.794610 0.165393
408.0 1.808866 0.164216
409.0 1.974719 0.180033
410.0 1.591987 0.163233
411.0 1.674050 0.162612
412.0 1.860726 0.154669
413.0 1.567418 0.145525
414.0 1.800781 0.158170
415.0 1.762127 0.149948
416.0 1.855669 0.176440
417.0 1.961691 0.208942
418.0 1.659933 0.124767
419.0 1.719734 0.121027
420.0 1.811168 0.127006
421.0 1.946615 0.128947
422.0 1.857154 0.131600
423.0 1.790661 0.123269
424.0 1.722471 0.120155
425.0 1.706007 0.119261
426.0 1.722422 0.119351
427.0 1.666862 0.118801
428.0 1.539381 0.118360
429.0 1.668710 0.124368
430.0 1.618039 0.125537
431.0 1.586430 0.116223
432.0 1.562516 0.115639
433.0 1.638076 0.121780
434.0 1.679930 0.123012
435.0 1.646244 0.121175
436.0 1.822741 0.125567
437.0 1.564501 0.119834
438.0 1.585166 0.127473
439.0 1.653833 0.126378
440.0 1.623663 0.126608
441.0 1.597099 0.123257
442.0 1.505967 0.127160
443.0 1.525130 0.127184
444.0 1.237519 0.118294
445.0 1.483350 0.139108
446.0 1.415607 0.127433
447.0 1.292116 0.113143
448.0 1.509908 0.121719
449.0 1.442407 0.118425
450.0 1.440283 0.129169
451.0 1.640160 0.140300
452.0 1.213926 0.119174
453.0 1.431417 0.132798
454.0 1.495992 0.144390
455.0 1.541749 0.136927
456.0 1.496839 0.126337
457.0 1.607130 0.143490
458.0 1.420769 0.126778
459.0 1.716091 0.154378
460.0 1.533024 0.117555
461.0 1.555356 0.129822
462.0 1.691574 0.131958
463.0 1.401635 0.104279
464.0 1.138123 0.098485
465.0 1.349002 0.114658
466.0 1.198676 0.117278
467.0 1.360128 0.121544
468.0 1.683552 0.136503
469.0 1.573906 0.124547
470.0 1.616452 0.135151
471.0 1.521194 0.138859
472.0 1.372870 0.133217
473.0 1.398911 0.118871
474.0 1.736219 0.148677
475.0 1.541892 0.137606
476.0 1.533003 0.139061
477.0 1.344151 0.095018
478.0 1.393464 0.082874
479.0 1.416533 0.080102
480.0 1.402341 0.079404
481.0 1.252179 0.078871
482.0 1.351442 0.085736
483.0 1.268894 0.086028
484.0 1.346080 0.079006
485.0 1.397805 0.077857
486.0 1.502320 0.086551
487.0 1.413416 0.085668
488.0 1.253566 0.071220
489.0 1.045177 0.062848
490.0 1.294459 0.071187
491.0 1.556182 0.079076
492.0 1.509779 0.090770
493.0 1.332339 0.088254
494.0 1.411417 0.085890
495.0 1.443736 0.066201
496.0 1.422600 0.071742
497.0 1.353211 0.063601
498.0 1.181990 0.064002
499.0 1.366437 0.070247
500.0 1.514554 0.072351
501.0 1.435141 0.066712
502.0 1.138197 0.062482
503.0 1.326947 0.067911
504.0 0.993494 0.070499
505.0 1.116626 0.075424
506.0 1.292175 0.077903
507.0 1.206271 0.079831
508.0 1.303781 0.074412
509.0 1.414597 0.082883
510.0 1.446921 0.090340
511.0 1.157482 0.072191
512.0 1.216084 0.075507
513.0 1.222732 0.072706
514.0 1.152624 0.068680
515.0 1.309856 0.075149
516.0 1.142507 0.072957
517.0 1.161815 0.067157
518.0 1.269682 0.057004
519.0 1.345117 0.061525
520.0 1.268661 0.056123
521.0 1.327257 0.054497
522.0 1.314821 0.056426
523.0 1.322282 0.058363
524.0 1.313017 0.059145
525.0 1.336292 0.055941
526.0 1.206581 0.050214
527.0 1.317614 0.052782
528.0 1.437135 0.062035
529.0 1.284873 0.057064
530.0 1.167670 0.055549
531.0 1.128789 0.057623
532.0 1.131551 0.064315
533.0 1.203100 0.069749
534.0 1.312093 0.068482
535.0 1.239195 0.089720
536.0 1.275434 0.085450
537.0 1.232896 0.074371
538.0 1.193960 0.069828
539.0 1.221017 0.071973
540.0 1.259007 0.066723
541.0 1.297553 0.066484
542.0 1.335781 0.093956
543.0 1.325764 0.091252
544.0 1.210225 0.086225
545.0 1.139700 0.081951
546.0 1.337712 0.090734
547.0 1.363233 0.087277
548.0 1.475421 0.094803
549.0 1.276877 0.078492
550.0 1.257323 0.084170
551.0 1.048248 0.073111
552.0 1.128458 0.076082
553.0 1.250993 0.076285
554.0 1.200254 0.074489
555.0 1.417540 0.092477
556.0 1.378268 0.086369
557.0 1.158108 0.078623
558.0 1.217728 0.079134
559.0 1.258555 0.075421
560.0 1.264488 0.086591
561.0 1.273110 0.086377
562.0 1.213951 0.082382
563.0 1.218078 0.070486
564.0 1.383372 0.076418
565.0 1.247842 0.073038
566.0 1.328248 0.076110
567.0 1.245589 0.067727
568.0 1.220620 0.063008
569.0 1.245787 0.066482
570.0 1.340029 0.062761
571.0 1.313796 0.069627
572.0 1.431813 0.069851
573.0 1.447656 0.060861
574.0 1.416417 0.059868
575.0 1.448704 0.059824
576.0 1.385564 0.063933
577.0 1.504420 0.063205
578.0 1.410564 0.062706
579.0 1.412696 0.058262
580.0 1.239294 0.049263
581.0 1.280412 0.056381
582.0 1.196092 0.051625
583.0 1.296735 0.053533
584.0 1.383606 0.058086
585.0 1.219425 0.057807
586.0 1.230972 0.047975
587.0 1.264911 0.050302
588.0 1.277693 0.054029
589.0 1.225831 0.049000
590.0 1.344388 0.051067
591.0 1.300811 0.048266
592.0 1.339030 0.052234
593.0 1.280848 0.048570
594.0 1.137444 0.058810
595.0 1.309540 0.071379
596.0 1.302154 0.069589
597.0 1.276528 0.067227
598.0 1.315606 0.067878
599.0 1.371767 0.064557
600.0 1.381566 0.065346
601.0 1.369682 0.064207
602.0 1.231829 0.063715
603.0 1.330840 0.064821
604.0 1.289524 0.063969
605.0 1.282716 0.062977
606.0 1.314030 0.061869
607.0 1.191846 0.055416
608.0 1.178165 0.061157
609.0 1.220580 0.067608
610.0 1.298819 0.059747
611.0 1.353732 0.059814
612.0 1.362614 0.059857
613.0 1.350277 0.060499
614.0 1.292314 0.058770
615.0 1.305567 0.058491
616.0 1.266414 0.059548
617.0 1.165316 0.058809
618.0 1.215145 0.061465
619.0 1.197470 0.061264
620.0 1.259509 0.058440
621.0 1.350930 0.061653
622.0 1.275153 0.057196
623.0 1.280956 0.055048
624.0 1.227365 0.054047
625.0 1.350068 0.054965
626.0 1.261754 0.053460
627.0 1.224684 0.051091
628.0 1.365773 0.057254
629.0 1.411845 0.055047
630.0 1.325393 0.058353
631.0 1.333523 0.057782
632.0 1.214373 0.053693
633.0 1.402331 0.059066
634.0 1.384148 0.054708
635.0 1.251958 0.053153
636.0 1.350129 0.055089
637.0 1.377778 0.053066
638.0 1.368796 0.055254
639.0 1.281733 0.062436
640.0 1.351999 0.064135
641.0 1.362094 0.063196
642.0 1.185293 0.056992
643.0 1.375961 0.064377
644.0 1.292259 0.061669
645.0 1.387118 0.068448
646.0 1.243168 0.058003
647.0 1.291162 0.057342
648.0 1.278152 0.058440
649.0 1.224665 0.057186
650.0 1.125943 0.051971
651.0 1.182374 0.059642
652.0 1.228172 0.060199
653.0 1.270786 0.065950
654.0 1.351192 0.075807
655.0 1.459479 0.074957
656.0 1.264243 0.061325
657.0 1.260791 0.057924
658.0 1.269079 0.056031
659.0 1.223040 0.057063
660.0 1.212069 0.052292
661.0 1.322819 0.053977
662.0 1.269649 0.049548
663.0 1.247651 0.054452
664.0 1.214418 0.053396
665.0 1.279056 0.053126
666.0 1.229517 0.049858
667.0 1.258935 0.056538
668.0 1.229757 0.056849
669.0 1.303477 0.055359
670.0 1.213092 0.049890
671.0 1.289534 0.050031
672.0 1.171834 0.045243
673.0 1.267226 0.049159
674.0 1.251767 0.047419
675.0 1.263342 0.046985
676.0 1.232463 0.044569
677.0 1.353989 0.048067
678.0 1.204594 0.043946
679.0 1.254974 0.045636
680.0 1.271854 0.049799
681.0 1.310673 0.050233
682.0 1.198390 0.047138
683.0 1.253362 0.044373
684.0 1.287283 0.045832
685.0 1.300134 0.044468
686.0 1.276475 0.044519
687.0 1.245505 0.043330
688.0 1.293165 0.044905
689.0 1.232600 0.044498
690.0 1.283057 0.045041
691.0 1.342445 0.043128
692.0 1.250912 0.042657
693.0 1.302568 0.042072
694.0 1.208103 0.044495
695.0 1.200084 0.039740
696.0 1.228493 0.039269
697.0 1.240791 0.041070
698.0 1.214507 0.040492
699.0 1.262535 0.041254
700.0 1.273695 0.041187
701.0 1.263497 0.038536
702.0 1.236145 0.037470
703.0 1.327571 0.041064
704.0 1.300330 0.038523
705.0 1.244562 0.037925
706.0 1.301002 0.039175
707.0 1.272539 0.038692
708.0 1.206915 0.037587
709.0 1.267876 0.041860
710.0 1.259206 0.040016
711.0 1.166587 0.036193
712.0 1.152798 0.035820
713.0 1.219232 0.035710
714.0 1.101548 0.034851
715.0 1.148114 0.034950
716.0 1.163656 0.035409
717.0 1.162481 0.035473
718.0 1.220529 0.035443
719.0 1.089960 0.031234
720.0 1.115390 0.033038
721.0 1.113523 0.034804
722.0 1.166202 0.035215
723.0 1.167329 0.033961
724.0 1.168935 0.034776
725.0 1.173770 0.036311
726.0 1.131426 0.034507
727.0 1.069308 0.033653
728.0 1.074926 0.033246
729.0 1.090948 0.038539
730.0 1.069030 0.035029
731.0 1.129231 0.034589
732.0 1.092302 0.033991
733.0 1.070573 0.034400
734.0 1.108377 0.031628
735.0 1.087929 0.031300
736.0 1.031650 0.031254
737.0 1.128161 0.033571
738.0 1.160136 0.036266
739.0 1.145466 0.037037
740.0 1.155946 0.034819
741.0 1.147681 0.035481
742.0 1.065193 0.032504
743.0 1.108416 0.034465
744.0 1.097200 0.034386
745.0 1.180165 0.036099
746.0 1.109436 0.031747
747.0 1.199846 0.035341
748.0 1.203623 0.032112
749.0 1.144723 0.030889
750.0 1.136740 0.031803
751.0 1.123784 0.031443
752.0 1.177796 0.032759
753.0 1.143407 0.029988
754.0 1.183644 0.032111
755.0 1.069268 0.030146
756.0 1.052016 0.027937
757.0 1.036507 0.028617
758.0 1.105836 0.026067
759.0 1.201013 0.028264
760.0 1.079904 0.024663
761.0 1.045439 0.025323
762.0 1.187743 0.027190
763.0 1.167648 0.025672
764.0 1.173293 0.026802
765.0 1.158630 0.025056
766.0 1.181768 0.025901
767.0 1.188459 0.025288
768.0 1.159361 0.025629
769.0 1.123896 0.026121
770.0 1.133399 0.024685
771.0 1.130995 0.021862
772.0 1.222162 0.023053
773.0 1.214144 0.022655
774.0 1.205801 0.023219
775.0 1.157682 0.020918
776.0 1.255174 0.022038
777.0 1.237693 0.021901
778.0 1.299265 0.023973
779.0 1.254514 0.023137
780.0 1.224617 0.021377
781.0 1.239223 0.024121
782.0 1.300405 0.026749
783.0 1.345168 0.027610
784.0 1.238361 0.026813
785.0 1.199350 0.024910
786.0 1.258645 0.025995
787.0 1.223505 0.024891
788.0 1.221153 0.024779
789.0 1.238139 0.023099
790.0 1.249718 0.023041
791.0 1.228955 0.024389
792.0 1.256281 0.026025
793.0 1.149650 0.024077
794.0 1.200261 0.027586
795.0 1.154125 0.024996
796.0 1.144455 0.026046
797.0 1.157975 0.025778
798.0 1.047782 0.023329
799.0 1.078352 0.025008
800.0 1.072339 0.023033
801.0 1.142701 0.024937
802.0 1.048220 0.022449
803.0 1.044244 0.022604
804.0 1.072172 0.022823
805.0 1.121512 0.023797
806.0 1.070324 0.022837
807.0 1.021501 0.020735
808.0 1.089961 0.023163
809.0 1.082129 0.021878
810.0 1.091852 0.021733
811.0 1.047691 0.022231
812.0 1.037800 0.021833
813.0 1.032275 0.021195
814.0 1.040052 0.021012
815.0 1.085908 0.022404
816.0 1.056078 0.021970
817.0 1.122734 0.022372
818.0 1.050137 0.020336
819.0 1.089328 0.020997
820.0 1.114370 0.021225
821.0 1.153822 0.022653
822.0 1.050791 0.021066
823.0 1.049884 0.020305
824.0 1.073322 0.022067
825.0 1.133842 0.022963
826.0 1.123462 0.022920
827.0 1.137727 0.023397
828.0 1.132945 0.023512
829.0 1.041525 0.022141
830.0 1.078969 0.021074
831.0 1.107161 0.020925
832.0 1.122365 0.021199
833.0 1.095149 0.021465
834.0 1.108808 0.021312
835.0 1.101828 0.021702
836.0 1.137890 0.022200
837.0 1.132013 0.021108
838.0 1.136852 0.022738
839.0 1.136998 0.021845
840.0 1.155742 0.022336
841.0 1.090338 0.021619
842.0 1.108810 0.023346
843.0 1.133949 0.022186
844.0 1.102909 0.020890
845.0 1.043022 0.020676
846.0 1.001449 0.020753
847.0 1.076542 0.021353
848.0 1.124870 0.023570
849.0 1.062886 0.023095
850.0 1.048613 0.023080
851.0 1.070317 0.022410
852.0 1.120006 0.022749
853.0 1.115018 0.023198
854.0 1.043391 0.023149
855.0 1.115598 0.025763
856.0 1.039925 0.024392
857.0 1.072408 0.025908
858.0 1.087593 0.027378
859.0 1.014033 0.023191
860.0 1.048135 0.023045
861.0 1.043249 0.022838
862.0 1.071455 0.023493
863.0 1.070099 0.023608
864.0 1.047576 0.021621
865.0 1.015974 0.022244
866.0 1.067485 0.024203
867.0 1.058216 0.022337
868.0 1.041421 0.022695
869.0 1.073213 0.023181
870.0 1.048228 0.023619
871.0 1.034782 0.023483
872.0 1.064014 0.021345
873.0 1.119657 0.024592
874.0 1.072566 0.023151
875.0 1.013385 0.022671
876.0 1.011498 0.022352
877.0 1.013942 0.022060
878.0 1.037997 0.020927
879.0 1.062194 0.022060
880.0 1.058045 0.022564
881.0 1.042504 0.022678
882.0 1.058251 0.025637
883.0 1.104390 0.025080
884.0 1.108826 0.027163
885.0 1.107289 0.028746
886.0 1.083478 0.026840
887.0 1.071033 0.026059
888.0 1.084016 0.028409
889.0 1.070237 0.027117
890.0 1.088691 0.030673
891.0 1.072506 0.024813
892.0 1.073777 0.025384
893.0 1.088294 0.025353
894.0 1.130317 0.024682
895.0 1.111153 0.024254
896.0 1.075941 0.023814
897.0 1.045551 0.022245
898.0 1.123028 0.023890
899.0 1.112824 0.022646
900.0 1.117105 0.022870
901.0 1.130561 0.022783
902.0 1.135268 0.023188
903.0 1.091638 0.022237
904.0 1.103829 0.022986
905.0 1.126291 0.022281
906.0 1.117860 0.021941
907.0 1.105696 0.021501
908.0 1.123660 0.021771
909.0 1.087270 0.021367
910.0 1.082194 0.021037
911.0 1.118842 0.020782
912.0 1.107365 0.021069
913.0 1.117993 0.020808
914.0 1.120407 0.020614
915.0 1.156506 0.021071
916.0 1.103426 0.020120
917.0 1.094627 0.018825
918.0 1.068771 0.017784
919.0 1.096116 0.018641
920.0 1.058626 0.018173
921.0 1.130977 0.018886
922.0 1.162909 0.018975
923.0 1.163902 0.018324
924.0 1.140878 0.017684
925.0 1.146163 0.018792
926.0 1.125101 0.016811
927.0 1.147278 0.017631
928.0 1.143921 0.017148
929.0 1.110426 0.017338
930.0 1.165791 0.017775
931.0 1.206551 0.018439
932.0 1.168533 0.017309
933.0 1.165085 0.018241
934.0 1.150169 0.017015
935.0 1.151143 0.016269
936.0 1.167269 0.017321
937.0 1.163363 0.018130
938.0 1.210246 0.018903
939.0 1.191325 0.018990
940.0 1.174869 0.018025
941.0 1.177418 0.018654
942.0 1.191909 0.018311
943.0 1.204218 0.019099
944.0 1.255814 0.019366
945.0 1.235200 0.019208
946.0 1.113447 0.017625
947.0 1.179239 0.017532
948.0 1.212974 0.018836
949.0 1.178131 0.018244
950.0 1.222013 0.019239
951.0 1.177036 0.017882
952.0 1.133541 0.017391
953.0 1.144333 0.017403
954.0 1.100439 0.017484
955.0 1.121220 0.018043
956.0 1.082445 0.016771
957.0 1.065534 0.016581
958.0 1.103690 0.017548
959.0 1.119180 0.017042
960.0 1.132031 0.017326
961.0 1.118345 0.016776
962.0 1.099894 0.016828
963.0 1.076658 0.016332
964.0 1.103470 0.016138
965.0 1.160823 0.016725
966.0 1.157752 0.015647
967.0 1.173083 0.016484
968.0 1.165378 0.017036
969.0 1.140526 0.016939
970.0 1.191278 0.016825
971.0 1.209821 0.017120
972.0 1.238876 0.017002
973.0 1.200311 0.016318
974.0 1.215466 0.016500
975.0 1.209850 0.016769
976.0 1.215554 0.016158
977.0 1.244965 0.017707
978.0 1.282102 0.017066
979.0 1.237705 0.016515
980.0 1.209843 0.016710
981.0 1.260118 0.017788
982.0 1.244799 0.016088
983.0 1.268875 0.016274
984.0 1.264775 0.016030
985.0 1.258999 0.016070
986.0 1.232139 0.016932
987.0 1.231109 0.015767
988.0 1.249307 0.015516
989.0 1.287325 0.016021
990.0 1.287590 0.016292
991.0 1.218990 0.015555
992.0 1.218623 0.016021
993.0 1.207676 0.016229
994.0 1.261189 0.017511
995.0 1.229070 0.016980
996.0 1.235143 0.016480
997.0 1.193368 0.016565
998.0 1.127679 0.015870
999.0 1.149857 0.015741
1000.0 1.146656 0.015902
1001.0 1.110679 0.015632
1002.0 1.143739 0.015549
1003.0 1.133935 0.015323
1004.0 1.138145 0.016142
1005.0 1.155843 0.016071
1006.0 1.142184 0.016262
1007.0 1.171455 0.016675
1008.0 1.205104 0.016555
1009.0 1.244970 0.016801
1010.0 1.226782 0.016470
1011.0 1.226081 0.016556
1012.0 1.215940 0.016919
1013.0 1.243703 0.016981
1014.0 1.300859 0.017150
1015.0 1.262093 0.016551
1016.0 1.272437 0.016297
1017.0 1.272487 0.016541
1018.0 1.259006 0.015901
1019.0 1.308408 0.016903
1020.0 1.366561 0.017016
1021.0 1.370125 0.016923
1022.0 1.360981 0.016936
1023.0 1.422498 0.017099
1024.0 1.460885 0.017627
1025.0 1.433942 0.017388
1026.0 1.424120 0.017098
1027.0 1.414497 0.017009
1028.0 1.411519 0.016432
1029.0 1.526393 0.017053
1030.0 1.517425 0.017403
1031.0 1.452105 0.017527
1032.0 1.469012 0.017394
1033.0 1.510259 0.017088
1034.0 1.550339 0.017012
1035.0 1.525055 0.017258
1036.0 1.456723 0.016925
1037.0 1.421587 0.016253
1038.0 1.447328 0.015948
1039.0 1.394770 0.015821
1040.0 1.341316 0.015729
1041.0 1.269448 0.015690
1042.0 1.272084 0.015276
1043.0 1.248522 0.015271
1044.0 1.231059 0.015607
1045.0 1.176407 0.014858
1046.0 1.202774 0.015591
1047.0 1.185697 0.016140
1048.0 1.172320 0.015390
1049.0 1.146062 0.015326
1050.0 1.144704 0.015638
1051.0 1.150563 0.015815
1052.0 1.141417 0.015347
1053.0 1.071882 0.014646
1054.0 1.088746 0.014690
1055.0 1.141416 0.015115
1056.0 1.112892 0.014319
1057.0 1.083611 0.013965
1058.0 1.103785 0.014038
1059.0 1.153012 0.014419
1060.0 1.150042 0.014482
1061.0 1.121439 0.014291
1062.0 1.121687 0.013740
1063.0 1.134599 0.014244
1064.0 1.160310 0.013854
1065.0 1.135205 0.013540
1066.0 1.116259 0.013258
1067.0 1.152828 0.013487
1068.0 1.152036 0.014331
1069.0 1.174734 0.014278
1070.0 1.149378 0.014267
1071.0 1.136350 0.014353
1072.0 1.109904 0.013830
1073.0 1.129214 0.013776
1074.0 1.130490 0.013510
1075.0 1.116280 0.013454
1076.0 1.121402 0.013561
1077.0 1.069732 0.013289
1078.0 1.056251 0.012936
1079.0 1.076881 0.013888
1080.0 1.068293 0.013162
1081.0 1.087765 0.013817
1082.0 1.081798 0.013634
1083.0 1.088189 0.014150
1084.0 1.080928 0.015658
1085.0 1.059584 0.014703
1086.0 1.023839 0.014386
1087.0 1.001025 0.013792
1088.0 1.024385 0.014416
1089.0 1.048104 0.014673
1090.0 1.013628 0.013620
1091.0 1.030925 0.013865
1092.0 1.028217 0.013964
1093.0 1.040797 0.014032
1094.0 0.991550 0.013419
1095.0 0.992109 0.013773
1096.0 0.971575 0.013734
1097.0 0.952949 0.012702
1098.0 0.974514 0.012793
1099.0 0.973372 0.013368
1100.0 0.977786 0.012208
1101.0 0.989472 0.012448
1102.0 0.972643 0.012100
1103.0 1.003783 0.012291
1104.0 0.999495 0.011726
1105.0 1.004226 0.011879
1106.0 1.021139 0.011506
1107.0 1.029249 0.012135
1108.0 1.034503 0.012539
1109.0 1.026305 0.012589
1110.0 0.971763 0.012276
1111.0 0.983224 0.012054
1112.0 1.023407 0.011989
1113.0 1.043782 0.012486
1114.0 1.001135 0.011823
1115.0 1.031921 0.011620
1116.0 1.059026 0.012636
1117.0 1.028198 0.012603
1118.0 1.069911 0.012907
1119.0 1.056672 0.012743
1120.0 1.028105 0.012429
1121.0 1.061928 0.012895
1122.0 1.070942 0.012824
1123.0 1.070984 0.012980
1124.0 1.054816 0.012833
1125.0 1.040263 0.012426
1126.0 1.063678 0.016147
1127.0 1.073753 0.019162
1128.0 1.046072 0.017194
1129.0 1.046365 0.016301
1130.0 1.016120 0.015547
1131.0 1.022220 0.014959
1132.0 0.991260 0.021154
1133.0 0.986610 0.018367
1134.0 0.984857 0.018202
1135.0 0.952666 0.016487
1136.0 0.946689 0.018425
1137.0 0.986014 0.020848
1138.0 1.007014 0.018373
1139.0 1.010455 0.017176
1140.0 0.956951 0.015924
1141.0 0.938289 0.015602
1142.0 0.978556 0.016188
1143.0 0.977558 0.014646
1144.0 1.021711 0.017221
1145.0 0.986290 0.016076
1146.0 0.961898 0.015545
1147.0 0.963591 0.015858
1148.0 0.981960 0.016426
1149.0 0.962540 0.015026
1150.0 0.963860 0.014938
1151.0 0.983295 0.015164
1152.0 1.003073 0.014891
1153.0 0.988695 0.014551
1154.0 1.010905 0.014504
1155.0 1.016429 0.014845
1156.0 1.029588 0.014400
1157.0 1.041673 0.014409
1158.0 1.038529 0.015523
1159.0 1.009629 0.015342
1160.0 1.060187 0.014462
1161.0 1.043555 0.014169
1162.0 1.066415 0.014376
1163.0 1.056745 0.014431
1164.0 1.064096 0.013879
1165.0 1.096325 0.014535
1166.0 1.111218 0.014616
1167.0 1.115727 0.013916
1168.0 1.106359 0.014289
1169.0 1.138098 0.016361
1170.0 1.157881 0.015822
1171.0 1.165113 0.015908
1172.0 1.203661 0.016300
1173.0 1.232042 0.016501
1174.0 1.154790 0.015435
1175.0 1.176307 0.015164
1176.0 1.211042 0.016162
1177.0 1.243414 0.016675
1178.0 1.242374 0.016035
1179.0 1.261425 0.016079
1180.0 1.252169 0.015853
1181.0 1.284626 0.015896
1182.0 1.308018 0.016710
1183.0 1.341276 0.016638
1184.0 1.367833 0.016550
1185.0 1.344733 0.016216
1186.0 1.328208 0.016108
1187.0 1.389690 0.016150
1188.0 1.408718 0.015937
1189.0 1.486468 0.016466
1190.0 1.515234 0.016287
1191.0 1.561806 0.017203
1192.0 1.530702 0.016307
1193.0 1.591601 0.016533
1194.0 1.658684 0.016567
1195.0 1.742998 0.017047
1196.0 1.778495 0.016871
1197.0 1.810082 0.017263
1198.0 1.845489 0.017173
1199.0 1.864329 0.017072
1200.0 1.924942 0.017050
1201.0 1.991114 0.017230
1202.0 2.115530 0.017665
1203.0 2.154412 0.017841
1204.0 2.279773 0.019740
1205.0 2.447072 0.020761
1206.0 2.640698 0.021443
1207.0 2.707306 0.020972
1208.0 2.847696 0.022040
1209.0 3.009139 0.021762
1210.0 3.235253 0.022328
1211.0 3.315832 0.022102
1212.0 3.487904 0.021645
1213.0 3.597186 0.021526
1214.0 3.621074 0.021279
1215.0 3.707938 0.021410
1216.0 3.503156 0.020656
1217.0 3.286127 0.020056
1218.0 3.066729 0.019570
1219.0 2.964976 0.019376
1220.0 2.854420 0.018681
1221.0 2.673366 0.017950
1222.0 2.528819 0.017755
1223.0 2.413330 0.016706
1224.0 2.342156 0.016460
1225.0 2.280790 0.016520
1226.0 2.200609 0.016094
1227.0 2.112599 0.019437
1228.0 2.075820 0.014204
1229.0 2.029910 0.014112
1230.0 1.974092 0.013582
1231.0 1.975369 0.013442
1232.0 1.943400 0.013085
1233.0 1.934943 0.013023
1234.0 1.931476 0.012949
1235.0 1.899498 0.012611
1236.0 1.878342 0.012461
1237.0 1.837244 0.013917
1238.0 1.839113 0.013235
1239.0 1.801639 0.012943
1240.0 1.782470 0.012849
1241.0 1.717204 0.012574
1242.0 1.690702 0.012299
1243.0 1.649701 0.012745
1244.0 1.562007 0.012119
1245.0 1.517722 0.012096
1246.0 1.457856 0.011721
1247.0 1.409752 0.011745
1248.0 1.386945 0.011801
1249.0 1.357735 0.011701
1250.0 1.336955 0.011440
1251.0 1.307320 0.011429
1252.0 1.265120 0.011056
1253.0 1.246075 0.011049
1254.0 1.222906 0.011020
1255.0 1.198601 0.010622
1256.0 1.187313 0.010291
1257.0 1.169172 0.010299
1258.0 1.167652 0.010292
1259.0 1.144491 0.009811
1260.0 1.154324 0.010292
1261.0 1.144240 0.010297
1262.0 1.115697 0.009903
1263.0 1.117686 0.010127
1264.0 1.107753 0.009964
1265.0 1.091507 0.009708
1266.0 1.064330 0.009359
1267.0 1.055800 0.009655
1268.0 1.049435 0.009473
1269.0 1.003601 0.009051
1270.0 0.978545 0.009008
1271.0 0.992944 0.009394
1272.0 0.958152 0.009227
1273.0 0.958780 0.009413
1274.0 0.926746 0.009267
1275.0 0.922665 0.008857
1276.0 0.924445 0.009537
1277.0 0.926875 0.009155
1278.0 0.906595 0.008993
1279.0 0.903697 0.009032
1280.0 0.900542 0.008966
1281.0 0.915526 0.009056
1282.0 0.910803 0.009122
1283.0 0.910869 0.009001
1284.0 0.912615 0.009528
1285.0 0.901775 0.009340
1286.0 0.906599 0.009124
1287.0 0.888547 0.008900
1288.0 0.902202 0.009025
1289.0 0.894426 0.008982
1290.0 0.889490 0.009093
1291.0 0.916086 0.009082
1292.0 0.902373 0.009040
1293.0 0.910833 0.009238
1294.0 0.922764 0.009399
1295.0 0.931969 0.009394
1296.0 0.921928 0.009395
1297.0 0.946792 0.009735
1298.0 0.949237 0.010029
1299.0 0.960202 0.010041
1300.0 0.950035 0.009969
1301.0 0.947324 0.009777
1302.0 0.939464 0.009517
1303.0 0.949725 0.009315
1304.0 0.954980 0.009445
1305.0 0.953047 0.009385
1306.0 0.963492 0.010072
1307.0 0.955582 0.009942
1308.0 0.940041 0.009995
1309.0 0.923961 0.009760
1310.0 0.920093 0.009936
1311.0 0.897847 0.009718
1312.0 0.888290 0.009151
1313.0 0.866424 0.009061
1314.0 0.879739 0.009848
1315.0 0.863565 0.009578
1316.0 0.859748 0.009150
1317.0 0.866771 0.009740
1318.0 0.841800 0.009633
1319.0 0.856739 0.009766
1320.0 0.837470 0.009402
1321.0 0.822898 0.009130
1322.0 0.830668 0.009537
1323.0 0.832014 0.009343
1324.0 0.837979 0.009067
1325.0 0.834674 0.008857
1326.0 0.852301 0.009208
1327.0 0.850776 0.009193
1328.0 0.862998 0.009448
1329.0 0.861882 0.009624
1330.0 0.876068 0.010009
1331.0 0.891447 0.009789
1332.0 0.898656 0.009569
1333.0 0.890408 0.009536
1334.0 0.902708 0.009651
1335.0 0.898739 0.009617
1336.0 0.891077 0.009515
1337.0 0.889778 0.010151
1338.0 0.877701 0.009837
1339.0 0.858032 0.009512
1340.0 0.851791 0.009387
1341.0 0.845015 0.009363
1342.0 0.843130 0.009265
1343.0 0.845495 0.009265
1344.0 0.861932 0.009753
1345.0 0.867086 0.009790
1346.0 0.875682 0.009934
1347.0 0.874082 0.010074
1348.0 0.864391 0.009885
1349.0 0.850192 0.009914
1350.0 0.838928 0.009739
1351.0 0.815234 0.009300
1352.0 0.826597 0.009946
1353.0 0.824100 0.009789
1354.0 0.831854 0.009892
1355.0 0.825888 0.009607
1356.0 0.831490 0.009463
1357.0 0.825959 0.009492
1358.0 0.829788 0.009793
1359.0 0.831572 0.009752
1360.0 0.833336 0.009744
1361.0 0.840675 0.010018
1362.0 0.851914 0.010057
1363.0 0.862389 0.010295
1364.0 0.842297 0.009982
1365.0 0.849325 0.009857
1366.0 0.855791 0.009783
1367.0 0.864218 0.010233
1368.0 0.868319 0.009888
1369.0 0.881523 0.010442
1370.0 0.880338 0.010310
1371.0 0.868352 0.009691
1372.0 0.884607 0.009820
1373.0 0.895725 0.010182
1374.0 0.868851 0.009786
1375.0 0.866423 0.009581
1376.0 0.883855 0.009550
1377.0 0.900784 0.010142
1378.0 0.914604 0.010152
1379.0 0.916592 0.010194
1380.0 0.900265 0.009533
1381.0 0.914342 0.009775
1382.0 0.912258 0.009917
1383.0 0.918777 0.009488
1384.0 0.944874 0.009563
1385.0 0.971424 0.009834
1386.0 0.965299 0.009925
1387.0 0.975487 0.009741
1388.0 0.972741 0.009457
1389.0 1.010644 0.010088
1390.0 1.012175 0.010124
1391.0 1.008925 0.009809
1392.0 1.021597 0.009842
1393.0 1.013785 0.009842
1394.0 1.044063 0.009858
1395.0 1.034975 0.009867
1396.0 1.038111 0.009944
1397.0 1.044126 0.010185
1398.0 1.031590 0.009723
1399.0 1.052771 0.010048
1400.0 1.032508 0.009974
1401.0 1.040267 0.009854
1402.0 1.009136 0.009477
1403.0 1.004643 0.009790
1404.0 0.990948 0.010103
1405.0 0.986872 0.009769
1406.0 0.963401 0.009890
1407.0 0.940067 0.009575
1408.0 0.938345 0.009565
1409.0 0.932140 0.009465
1410.0 0.904433 0.009362
1411.0 0.893848 0.009344
1412.0 0.880055 0.009356
1413.0 0.880151 0.009638
1414.0 0.853636 0.009543
1415.0 0.861805 0.009690
1416.0 0.848825 0.009605
1417.0 0.848029 0.009685
1418.0 0.851923 0.009687
1419.0 0.845149 0.009587
1420.0 0.833645 0.009601
1421.0 0.830663 0.009559
1422.0 0.821246 0.009455
1423.0 0.816120 0.009013
1424.0 0.795175 0.008764
1425.0 0.806383 0.009113
1426.0 0.803645 0.009303
1427.0 0.799318 0.009387
1428.0 0.806883 0.009510
1429.0 0.787739 0.009462
1430.0 0.791939 0.009643
1431.0 0.803074 0.009915
1432.0 0.794812 0.010184
1433.0 0.797768 0.010897
1434.0 0.786817 0.010567
1435.0 0.785584 0.009934
1436.0 0.782054 0.009754
1437.0 0.760883 0.009345
1438.0 0.779352 0.009751
1439.0 0.767553 0.009435
1440.0 0.776366 0.009819
1441.0 0.772596 0.009875
1442.0 0.759690 0.009352
1443.0 0.755521 0.009170
1444.0 0.738436 0.008877
1445.0 0.751684 0.009117
1446.0 0.748481 0.009110
1447.0 0.751656 0.009291
1448.0 0.747515 0.008806
1449.0 0.752847 0.009253
1450.0 0.757432 0.008655
1451.0 0.771753 0.008600
1452.0 0.753889 0.008332
1453.0 0.747783 0.008424
1454.0 0.754580 0.008382
1455.0 0.760345 0.008331
1456.0 0.754923 0.008365
1457.0 0.767472 0.008341
1458.0 0.743005 0.008187
1459.0 0.749321 0.008477
1460.0 0.747649 0.008268
1461.0 0.753933 0.008326
1462.0 0.751452 0.008319
1463.0 0.752526 0.008317
1464.0 0.745616 0.008339
1465.0 0.748548 0.008270
1466.0 0.742600 0.008163
1467.0 0.756420 0.008275
1468.0 0.754126 0.008361
1469.0 0.761399 0.008670
1470.0 0.765586 0.008415
1471.0 0.749085 0.008221
1472.0 0.767386 0.008367
1473.0 0.783615 0.008523
1474.0 0.776527 0.008192
1475.0 0.784713 0.008473
1476.0 0.773692 0.008002
1477.0 0.792329 0.008195
1478.0 0.781761 0.008061
1479.0 0.785500 0.008083
1480.0 0.796506 0.008097
1481.0 0.801246 0.008012
1482.0 0.789747 0.008031
1483.0 0.805758 0.008072
1484.0 0.817190 0.008048
1485.0 0.797616 0.007868
1486.0 0.805790 0.007838
1487.0 0.809748 0.007940
1488.0 0.825396 0.008244
1489.0 0.825027 0.008252
1490.0 0.810753 0.008215
1491.0 0.806733 0.007200
1492.0 0.815949 0.007564
1493.0 0.819460 0.007538
1494.0 0.824676 0.007374
1495.0 0.832112 0.007439
1496.0 0.841960 0.007413
1497.0 0.845781 0.007563
1498.0 0.850786 0.007500
1499.0 0.843187 0.007409
1500.0 0.842442 0.007366
1501.0 0.855508 0.007468
1502.0 0.841874 0.007408
1503.0 0.856912 0.007528
1504.0 0.865129 0.007478
1505.0 0.871733 0.007619
1506.0 0.878086 0.007543
1507.0 0.881555 0.007292
1508.0 0.897557 0.007520
1509.0 0.905168 0.007463
1510.0 0.917694 0.007505
1511.0 0.914459 0.007505
1512.0 0.933041 0.007561
1513.0 0.938003 0.007468
1514.0 0.948738 0.007578
1515.0 0.970734 0.007561
1516.0 0.949066 0.007410
1517.0 0.972799 0.007046
1518.0 0.985120 0.007434
1519.0 0.998916 0.007298
1520.0 1.020475 0.007258
1521.0 1.024062 0.007149
1522.0 1.042649 0.007195
1523.0 1.082099 0.007280
1524.0 1.107030 0.007433
1525.0 1.127594 0.007578
1526.0 1.129246 0.007654
1527.0 1.144513 0.007690
1528.0 1.146179 0.007768
1529.0 1.171841 0.007909
1530.0 1.201212 0.007961
1531.0 1.214700 0.007849
1532.0 1.249822 0.008030
1533.0 1.252231 0.007844
1534.0 1.288836 0.008093
1535.0 1.300991 0.008125
1536.0 1.339116 0.008196
1537.0 1.369958 0.008311
1538.0 1.392823 0.008492
1539.0 1.437057 0.008589
1540.0 1.453868 0.008574
1541.0 1.480826 0.008711
1542.0 1.507005 0.008713
1543.0 1.536111 0.008850
1544.0 1.583636 0.008929
1545.0 1.590165 0.008991
1546.0 1.601558 0.009127
1547.0 1.584130 0.009051
1548.0 1.618885 0.009185
1549.0 1.585086 0.009121
1550.0 1.589707 0.009187
1551.0 1.559718 0.009162
1552.0 1.473010 0.008929
1553.0 1.471000 0.009804
1554.0 1.463915 0.009668
1555.0 1.402948 0.009252
1556.0 1.342532 0.008743
1557.0 1.305258 0.008870
1558.0 1.258764 0.009037
1559.0 1.204531 0.008774
1560.0 1.159994 0.007204
1561.0 1.122868 0.007090
1562.0 1.101475 0.007071
1563.0 1.071963 0.007000
1564.0 1.065025 0.007196
1565.0 1.031063 0.007011
1566.0 1.015013 0.006997
1567.0 1.006901 0.006942
1568.0 0.986996 0.006924
1569.0 0.963854 0.006812
1570.0 0.949884 0.006763
1571.0 0.926257 0.006862
1572.0 0.918153 0.006886
1573.0 0.898473 0.006631
1574.0 0.900199 0.006801
1575.0 0.898906 0.006789
1576.0 0.891770 0.006523
1577.0 0.858553 0.006529
1578.0 0.863980 0.006513
1579.0 0.865399 0.006544
1580.0 0.862045 0.006535
1581.0 0.845083 0.006542
1582.0 0.841459 0.006480
1583.0 0.836653 0.006417
1584.0 0.840724 0.006474
1585.0 0.835316 0.006405
1586.0 0.827556 0.006258
1587.0 0.839347 0.006342
1588.0 0.823398 0.006298
1589.0 0.805081 0.006129
1590.0 0.823522 0.006259
1591.0 0.810498 0.006123
1592.0 0.800728 0.006086
1593.0 0.806087 0.006095
1594.0 0.797479 0.006123
1595.0 0.800919 0.006086
1596.0 0.783026 0.005983
1597.0 0.796582 0.006069
1598.0 0.793871 0.006340
1599.0 0.780464 0.005976
1600.0 0.779453 0.005974
1601.0 0.783715 0.006123
1602.0 0.796127 0.006797
1603.0 0.792831 0.006685
1604.0 0.780519 0.005601
1605.0 0.779439 0.005552
1606.0 0.768035 0.005533
1607.0 0.776555 0.005624
1608.0 0.792354 0.005715
1609.0 0.779645 0.005675
1610.0 0.777108 0.005694
1611.0 0.769009 0.005773
1612.0 0.762102 0.005848
1613.0 0.761121 0.005885
1614.0 0.755505 0.005826
1615.0 0.764878 0.005762
1616.0 0.767720 0.005773
1617.0 0.760221 0.005757
1618.0 0.770077 0.005798
1619.0 0.768073 0.005764
1620.0 0.772583 0.005815
1621.0 0.766214 0.005761
1622.0 0.767414 0.005767
1623.0 0.774224 0.005798
1624.0 0.758789 0.005779
1625.0 0.754885 0.005659
1626.0 0.760814 0.005626
1627.0 0.764809 0.005692
1628.0 0.768588 0.005680
1629.0 0.769652 0.005642
1630.0 0.777355 0.005753
1631.0 0.772879 0.005851
1632.0 0.774789 0.005870
1633.0 0.765294 0.005660
1634.0 0.771050 0.005650
1635.0 0.770204 0.005581
1636.0 0.766392 0.006322
1637.0 0.760776 0.006024
1638.0 0.768060 0.005895
1639.0 0.789181 0.005875
1640.0 0.776463 0.005777
1641.0 0.767480 0.005663
1642.0 0.756344 0.005585
1643.0 0.751420 0.005557
1644.0 0.751138 0.005534
1645.0 0.756693 0.005576
1646.0 0.746903 0.005509
1647.0 0.750383 0.005502
1648.0 0.740495 0.005498
1649.0 0.732932 0.005522
1650.0 0.724558 0.005530
1651.0 0.736560 0.005824
1652.0 0.720032 0.005741
1653.0 0.720920 0.005708
1654.0 0.713424 0.005687
1655.0 0.723379 0.005709
1656.0 0.725240 0.005673
1657.0 0.726834 0.005654
1658.0 0.732538 0.005629
1659.0 0.733312 0.005621
1660.0 0.731481 0.005688
1661.0 0.729734 0.005688
1662.0 0.712005 0.005526
1663.0 0.712712 0.005518
1664.0 0.718458 0.005561
1665.0 0.730054 0.005683
1666.0 0.712249 0.005576
1667.0 0.713185 0.005530
1668.0 0.713015 0.005550
1669.0 0.692371 0.005568
1670.0 0.699665 0.005588
1671.0 0.700554 0.005906
1672.0 0.686824 0.005725
1673.0 0.682204 0.005693
1674.0 0.671400 0.005641
1675.0 0.672642 0.005952
1676.0 0.688542 0.005887
1677.0 0.666372 0.005778
1678.0 0.660638 0.005709
1679.0 0.649859 0.005632
1680.0 0.665574 0.005659
1681.0 0.654508 0.005615
1682.0 0.660639 0.005612
1683.0 0.648947 0.005569
1684.0 0.648589 0.005584
1685.0 0.651315 0.005633
1686.0 0.644843 0.005608
1687.0 0.638615 0.005719
1688.0 0.627867 0.005659
1689.0 0.642316 0.005743
1690.0 0.638171 0.005718
1691.0 0.639941 0.005711
1692.0 0.634318 0.005655
1693.0 0.646852 0.005768
1694.0 0.647297 0.005730
1695.0 0.648996 0.005707
1696.0 0.638123 0.005698
1697.0 0.642394 0.005755
1698.0 0.635758 0.005778
1699.0 0.643652 0.005922
1700.0 0.626670 0.005906
1701.0 0.635256 0.005926
1702.0 0.640626 0.005933
1703.0 0.642134 0.005983
1704.0 0.642940 0.006053
1705.0 0.639851 0.006004
1706.0 0.628723 0.005907
1707.0 0.636519 0.005895
1708.0 0.642465 0.005990
1709.0 0.633996 0.005962
1710.0 0.633245 0.005939
1711.0 0.636449 0.005902
1712.0 0.639267 0.005881
1713.0 0.639280 0.005831
1714.0 0.637439 0.005816
1715.0 0.656408 0.005907
1716.0 0.645197 0.005808
1717.0 0.630426 0.005694
1718.0 0.648777 0.005824
1719.0 0.655395 0.005831
1720.0 0.642281 0.005772
1721.0 0.634857 0.005725
1722.0 0.630649 0.005718
1723.0 0.634380 0.005685
1724.0 0.631512 0.005700
1725.0 0.644628 0.005797
1726.0 0.650561 0.005842
1727.0 0.646374 0.005829
1728.0 0.624395 0.005717
1729.0 0.633190 0.005789
1730.0 0.629617 0.005730
1731.0 0.617123 0.005686
1732.0 0.630105 0.005761
1733.0 0.635853 0.005830
1734.0 0.634414 0.005857
1735.0 0.641903 0.005848
1736.0 0.636149 0.006027
1737.0 0.629287 0.006131
1738.0 0.628157 0.006068
1739.0 0.628092 0.006054
1740.0 0.634790 0.006136
1741.0 0.628222 0.006301
1742.0 0.635593 0.006365
1743.0 0.640997 0.006665
1744.0 0.637997 0.006010
1745.0 0.637980 0.005992
1746.0 0.640122 0.005961
1747.0 0.643010 0.005981
1748.0 0.634716 0.005980
1749.0 0.637728 0.006020
1750.0 0.625239 0.005945
1751.0 0.630632 0.005900
1752.0 0.631592 0.005937
1753.0 0.628132 0.005886
1754.0 0.624589 0.005898
1755.0 0.622223 0.005901
1756.0 0.627210 0.006020
1757.0 0.615252 0.006072
1758.0 0.609858 0.006263
1759.0 0.602559 0.006090
1760.0 0.602653 0.006205
1761.0 0.608231 0.006159
1762.0 0.622766 0.006206
1763.0 0.621998 0.006170
1764.0 0.608525 0.006106
1765.0 0.611573 0.006215
1766.0 0.617417 0.006238
1767.0 0.618784 0.006198
1768.0 0.619452 0.006152
1769.0 0.614303 0.006111
1770.0 0.614043 0.006115
1771.0 0.616609 0.006177
1772.0 0.618481 0.006127
1773.0 0.616421 0.006147
1774.0 0.599799 0.006156
1775.0 0.609280 0.006265
1776.0 0.603957 0.006247
1777.0 0.614269 0.006321
1778.0 0.628013 0.006375
1779.0 0.604623 0.006274
1780.0 0.616794 0.006252
1781.0 0.620448 0.006210
1782.0 0.625074 0.006212
1783.0 0.624412 0.006171
1784.0 0.612836 0.006102
1785.0 0.625315 0.006108
1786.0 0.614567 0.006015
1787.0 0.622185 0.006042
1788.0 0.614569 0.006023
1789.0 0.604830 0.006021
1790.0 0.620308 0.006125
1791.0 0.604393 0.006020
1792.0 0.606602 0.006064
1793.0 0.595020 0.005991
1794.0 0.597422 0.006071
1795.0 0.602943 0.006197
1796.0 0.597240 0.006020
1797.0 0.590807 0.005944
1798.0 0.598440 0.005983
1799.0 0.586048 0.005902
1800.0 0.580825 0.005851
1801.0 0.574907 0.005832
1802.0 0.585183 0.005876
1803.0 0.584268 0.005842
1804.0 0.561116 0.005724
1805.0 0.562255 0.005728
1806.0 0.577037 0.005844
1807.0 0.588181 0.005901
1808.0 0.601247 0.005987
1809.0 0.597901 0.006007
1810.0 0.600985 0.006064
1811.0 0.610117 0.006207
1812.0 0.593661 0.006112
1813.0 0.588877 0.006161
1814.0 0.591660 0.006161
1815.0 0.566309 0.005938
1816.0 0.581467 0.005982
1817.0 0.595998 0.006136
1818.0 0.593768 0.006145
1819.0 0.596310 0.006187
1820.0 0.590334 0.006124
1821.0 0.588757 0.006116
1822.0 0.598616 0.006215
1823.0 0.598529 0.006194
1824.0 0.596077 0.006161
1825.0 0.598070 0.006149
1826.0 0.590802 0.006141
1827.0 0.596338 0.006176
1828.0 0.584923 0.006147
1829.0 0.590997 0.006194
1830.0 0.596701 0.006232
1831.0 0.603841 0.006204
1832.0 0.598104 0.006142
1833.0 0.590400 0.006192
1834.0 0.597423 0.006246
1835.0 0.602269 0.006202
1836.0 0.602214 0.006199
1837.0 0.598443 0.006170
1838.0 0.598023 0.006176
1839.0 0.596921 0.006119
1840.0 0.595109 0.006128
1841.0 0.607095 0.006226
1842.0 0.612767 0.006293
1843.0 0.622925 0.006347
1844.0 0.622606 0.006335
1845.0 0.613287 0.006310
1846.0 0.612026 0.006361
1847.0 0.608644 0.006310
1848.0 0.628004 0.006498
1849.0 0.627254 0.006651
1850.0 0.619764 0.006619
1851.0 0.592334 0.006385
1852.0 0.599827 0.006352
1853.0 0.637883 0.006590
1854.0 0.643077 0.006660
1855.0 0.625735 0.006592
1856.0 0.626419 0.006668
1857.0 0.643649 0.006741
1858.0 0.644865 0.006735
1859.0 0.635996 0.006666
1860.0 0.648192 0.006760
1861.0 0.640585 0.006789
1862.0 0.649187 0.006805
1863.0 0.643471 0.006771
1864.0 0.644414 0.006804
1865.0 0.636615 0.006745
1866.0 0.633662 0.006661
1867.0 0.635821 0.006596
1868.0 0.634479 0.006562
1869.0 0.628762 0.006527
1870.0 0.634129 0.006562
1871.0 0.643465 0.006724
1872.0 0.636383 0.006779
1873.0 0.653598 0.006946
1874.0 0.648248 0.006865
1875.0 0.636324 0.006869
1876.0 0.639123 0.006914
1877.0 0.647430 0.006935
1878.0 0.655787 0.006901
1879.0 0.650996 0.006729
1880.0 0.656354 0.006738
1881.0 0.654645 0.006699
1882.0 0.676475 0.006789
1883.0 0.675977 0.006782
1884.0 0.675501 0.006736
1885.0 0.687826 0.006781
1886.0 0.669472 0.006700
1887.0 0.683364 0.006775
1888.0 0.703214 0.006807
1889.0 0.705493 0.006775
1890.0 0.707332 0.006762
1891.0 0.696374 0.006712
1892.0 0.710566 0.006837
1893.0 0.729113 0.006995
1894.0 0.729047 0.006951
1895.0 0.730598 0.006987
1896.0 0.695353 0.006890
1897.0 0.698729 0.006992
1898.0 0.758254 0.007255
1899.0 0.742516 0.007076
1900.0 0.751568 0.007069
1901.0 0.749715 0.007044
1902.0 0.760270 0.007075
1903.0 0.781789 0.007174
1904.0 0.814851 0.007310
1905.0 0.817581 0.007252
1906.0 0.817806 0.007247
1907.0 0.803162 0.007164
1908.0 0.807267 0.007217
1909.0 0.812691 0.007269
1910.0 0.807212 0.007256
1911.0 0.775599 0.007096
1912.0 0.747807 0.006959
1913.0 0.755890 0.007037
1914.0 0.756444 0.007015
1915.0 0.750670 0.006966
1916.0 0.729167 0.006812
1917.0 0.709151 0.006726
1918.0 0.677838 0.006617
1919.0 0.687388 0.006688
1920.0 0.666474 0.006582
1921.0 0.670727 0.006632
1922.0 0.646771 0.006476
1923.0 0.637295 0.006425
1924.0 0.635896 0.006390
1925.0 0.625345 0.006299
1926.0 0.626282 0.006319
1927.0 0.613803 0.006239
1928.0 0.609884 0.006226
1929.0 0.603575 0.006197
1930.0 0.585452 0.006108
1931.0 0.596491 0.006180
1932.0 0.589676 0.006139
1933.0 0.592771 0.006152
1934.0 0.575343 0.006082
1935.0 0.568642 0.006068
1936.0 0.568292 0.006053
1937.0 0.575461 0.006118
1938.0 0.573015 0.006080
1939.0 0.556190 0.006041
1940.0 0.564354 0.006093
1941.0 0.550040 0.005994
1942.0 0.553508 0.006019
1943.0 0.549391 0.005980
1944.0 0.547132 0.005971
1945.0 0.546582 0.005954
1946.0 0.535178 0.005843
1947.0 0.532915 0.005825
1948.0 0.546001 0.005868
1949.0 0.534289 0.005843
1950.0 0.535556 0.005927
1951.0 0.535007 0.005893
1952.0 0.527535 0.005864
1953.0 0.539413 0.005935
1954.0 0.527882 0.005859
1955.0 0.536741 0.005933
1956.0 0.521284 0.005840
1957.0 0.516283 0.005771
1958.0 0.525168 0.005818
1959.0 0.521073 0.005858
1960.0 0.523653 0.005872
1961.0 0.522197 0.005878
1962.0 0.523930 0.005879
1963.0 0.515792 0.005819
1964.0 0.519880 0.005845
1965.0 0.513585 0.005825
1966.0 0.514482 0.005794
1967.0 0.512533 0.005773
1968.0 0.502916 0.005688
1969.0 0.524436 0.005837
1970.0 0.518192 0.005780
1971.0 0.512793 0.005747
1972.0 0.518898 0.005774
1973.0 0.507372 0.005652
1974.0 0.526232 0.005782
1975.0 0.508585 0.005719
1976.0 0.514672 0.005788
1977.0 0.509701 0.005824
1978.0 0.510796 0.005828
1979.0 0.512511 0.005875
1980.0 0.508752 0.005847
1981.0 0.514804 0.005880
1982.0 0.513869 0.005824
1983.0 0.509752 0.005673
1984.0 0.508002 0.005683
1985.0 0.516984 0.005765
1986.0 0.511231 0.005652
1987.0 0.507623 0.005620
1988.0 0.514401 0.005666
1989.0 0.500717 0.005570
1990.0 0.493856 0.005573
1991.0 0.506668 0.005657
1992.0 0.519144 0.005677
1993.0 0.514488 0.005653
1994.0 0.514077 0.005642
1995.0 0.504315 0.005592
1996.0 0.512590 0.005644
1997.0 0.515092 0.005640
1998.0 0.499473 0.005545
1999.0 0.498249 0.005558
2000.0 0.509471 0.005668
2001.0 0.509883 0.005739
2002.0 0.513195 0.005726
2003.0 0.501530 0.005645
2004.0 0.510656 0.005724
2005.0 0.508390 0.005704
2006.0 0.502696 0.005632
2007.0 0.499922 0.005604
2008.0 0.501976 0.005590
2009.0 0.501485 0.005570
2010.0 0.498763 0.005632
2011.0 0.510801 0.005722
2012.0 0.506581 0.005775
2013.0 0.510339 0.005797
2014.0 0.506056 0.005743
2015.0 0.491187 0.005681
2016.0 0.520716 0.005836
2017.0 0.504051 0.005723
2018.0 0.497796 0.005700
2019.0 0.498280 0.005641
2020.0 0.505581 0.005676
2021.0 0.493642 0.005643
2022.0 0.499689 0.005626
2023.0 0.489090 0.005556
2024.0 0.496348 0.005588
2025.0 0.500367 0.005588
2026.0 0.491082 0.005527
2027.0 0.487574 0.005530
2028.0 0.479664 0.005521
2029.0 0.496266 0.005617
2030.0 0.498203 0.005558
2031.0 0.503693 0.005606
2032.0 0.497425 0.005553
2033.0 0.489330 0.005587
2034.0 0.493791 0.005571
2035.0 0.501424 0.005568
2036.0 0.508308 0.005605
2037.0 0.507180 0.005633
2038.0 0.493419 0.005553
2039.0 0.490732 0.005573
2040.0 0.478004 0.005533
2041.0 0.487402 0.005532
2042.0 0.504171 0.005598
2043.0 0.490075 0.005491
2044.0 0.492768 0.005527
2045.0 0.472650 0.005471
2046.0 0.482687 0.005554
2047.0 0.500843 0.005578
2048.0 0.493004 0.005534
2049.0 0.506736 0.005632
2050.0 0.498633 0.005576
2051.0 0.502639 0.005588
2052.0 0.499361 0.005576
2053.0 0.507636 0.005611
2054.0 0.502530 0.005579
2055.0 0.500292 0.005558
2056.0 0.484339 0.005458
2057.0 0.490333 0.005509
2058.0 0.497634 0.005540
2059.0 0.510158 0.005678
2060.0 0.490739 0.005575
2061.0 0.490599 0.005597
2062.0 0.492790 0.005591
2063.0 0.503237 0.005656
2064.0 0.518212 0.005747
2065.0 0.513392 0.005733
2066.0 0.517847 0.005721
2067.0 0.500043 0.005628
2068.0 0.506687 0.005756
2069.0 0.508820 0.005764
2070.0 0.506863 0.005719
2071.0 0.506057 0.005729
2072.0 0.510004 0.005728
2073.0 0.515420 0.005706
2074.0 0.513555 0.005697
2075.0 0.499396 0.005603
2076.0 0.502954 0.005660
2077.0 0.496911 0.005618
2078.0 0.508269 0.005683
2079.0 0.503702 0.005660
2080.0 0.502413 0.005669
2081.0 0.492014 0.005613
2082.0 0.487502 0.005569
2083.0 0.503897 0.005711
2084.0 0.502027 0.005696
2085.0 0.499160 0.005736
2086.0 0.496761 0.005753
2087.0 0.492242 0.005702
2088.0 0.509008 0.005809
2089.0 0.502163 0.005745
2090.0 0.501305 0.005680
2091.0 0.497832 0.005668
2092.0 0.501115 0.005662
2093.0 0.498296 0.005592
2094.0 0.501643 0.005643
2095.0 0.490751 0.005560
2096.0 0.490489 0.005612
2097.0 0.490889 0.005676
2098.0 0.485846 0.005633
2099.0 0.497750 0.005659
2100.0 0.480465 0.005570
2101.0 0.474100 0.005608
2102.0 0.486482 0.005733
2103.0 0.487584 0.005641
2104.0 0.476521 0.005600
2105.0 0.466595 0.005619
2106.0 0.470114 0.005766
2107.0 0.487363 0.006186
2108.0 0.485572 0.006190
2109.0 0.474499 0.006378
2110.0 0.473328 0.005689
2111.0 0.485759 0.005830
2112.0 0.486058 0.005870
2113.0 0.479832 0.005889
2114.0 0.474269 0.005898
2115.0 0.484075 0.006195
2116.0 0.467416 0.006056
2117.0 0.475557 0.006077
2118.0 0.476940 0.006126
2119.0 0.472325 0.006389
2120.0 0.475329 0.006415
2121.0 0.474106 0.006283
2122.0 0.468147 0.006259
2123.0 0.466236 0.006352
2124.0 0.460212 0.006674
2125.0 0.459696 0.006932
2126.0 0.463231 0.006864
2127.0 0.478666 0.007677
2128.0 0.471911 0.006216
2129.0 0.466329 0.006142
2130.0 0.466890 0.006206
2131.0 0.464306 0.006103
2132.0 0.467353 0.006030
2133.0 0.466781 0.006008
2134.0 0.461363 0.005963
2135.0 0.469581 0.006058
2136.0 0.468471 0.006027
2137.0 0.460597 0.005926
2138.0 0.464117 0.005924
2139.0 0.464887 0.005953
2140.0 0.462861 0.005931
2141.0 0.458322 0.005893
2142.0 0.454911 0.005852
2143.0 0.460527 0.005885
2144.0 0.457789 0.005910
2145.0 0.448240 0.005805
2146.0 0.452697 0.005851
2147.0 0.448015 0.005796
2148.0 0.453751 0.005846
2149.0 0.449037 0.005781
2150.0 0.448717 0.005900
2151.0 0.453049 0.005971
2152.0 0.456538 0.006017
2153.0 0.451234 0.006022
2154.0 0.446126 0.005945
2155.0 0.437887 0.005942
2156.0 0.449565 0.006300
2157.0 0.451648 0.006148
2158.0 0.444491 0.006006
2159.0 0.441874 0.006145
2160.0 0.447132 0.006300
2161.0 0.439179 0.006628
2162.0 0.456903 0.006915
2163.0 0.457160 0.007240
2164.0 0.447027 0.005898
2165.0 0.446531 0.006020
2166.0 0.448375 0.006145
2167.0 0.454530 0.006496
2168.0 0.460775 0.006527
2169.0 0.455544 0.006859
2170.0 0.466981 0.006314
2171.0 0.463485 0.006386
2172.0 0.453858 0.006341
2173.0 0.454782 0.006288
2174.0 0.458611 0.006273
2175.0 0.459879 0.006255
2176.0 0.452011 0.006226
2177.0 0.463054 0.006297
2178.0 0.464782 0.006207
2179.0 0.459244 0.006133
2180.0 0.463601 0.006173
2181.0 0.459351 0.006143
2182.0 0.460432 0.006182
2183.0 0.453403 0.006119
2184.0 0.456173 0.006127
2185.0 0.457176 0.006118
2186.0 0.465801 0.006166
2187.0 0.456428 0.006083
2188.0 0.453388 0.006054
2189.0 0.459133 0.006209
2190.0 0.447586 0.006203
2191.0 0.451181 0.006254
2192.0 0.450399 0.006250
2193.0 0.451013 0.006260
2194.0 0.444251 0.006148
2195.0 0.440853 0.006118
2196.0 0.447429 0.006108
2197.0 0.439710 0.005994
2198.0 0.437366 0.006008
2199.0 0.435723 0.006001
2200.0 0.444634 0.006076
2201.0 0.442919 0.005998
2202.0 0.455371 0.006125
2203.0 0.443997 0.006118
2204.0 0.447450 0.006175
2205.0 0.456469 0.006260
2206.0 0.460627 0.006290
2207.0 0.454853 0.006227
2208.0 0.442897 0.006290
2209.0 0.459031 0.006463
2210.0 0.447145 0.006238
2211.0 0.462274 0.006350
2212.0 0.456459 0.006355
2213.0 0.467245 0.006603
2214.0 0.473883 0.007010
2215.0 0.453063 0.006840
2216.0 0.445824 0.006988
2217.0 0.451556 0.006513
2218.0 0.456822 0.006477
2219.0 0.458924 0.006517
2220.0 0.453718 0.006487
2221.0 0.456108 0.006665
2222.0 0.446617 0.006627
2223.0 0.441706 0.006594
2224.0 0.450468 0.006722
2225.0 0.468886 0.006869
2226.0 0.457109 0.006825
2227.0 0.464092 0.007119
2228.0 0.459866 0.006950
2229.0 0.438016 0.006534
2230.0 0.444734 0.006602
2231.0 0.435585 0.006664
2232.0 0.448416 0.007099
2233.0 0.442832 0.007280
2234.0 0.429375 0.007228
2235.0 0.437954 0.006850
2236.0 0.441284 0.006845
2237.0 0.447685 0.006924
2238.0 0.445131 0.007112
2239.0 0.441160 0.007128
2240.0 0.447873 0.007455
2241.0 0.431375 0.007257
2242.0 0.442488 0.007349
2243.0 0.432876 0.007250
2244.0 0.443935 0.007447
2245.0 0.444722 0.007313
2246.0 0.444420 0.007145
2247.0 0.434006 0.006737
2248.0 0.448426 0.006889
2249.0 0.431599 0.006687
2250.0 0.450699 0.006896
2251.0 0.455337 0.006949
2252.0 0.457260 0.006978
2253.0 0.446176 0.006887
2254.0 0.439806 0.006843
2255.0 0.440110 0.006834
2256.0 0.439101 0.006771
2257.0 0.442444 0.006818
2258.0 0.447259 0.006910
2259.0 0.437696 0.006850
2260.0 0.439946 0.006836
2261.0 0.444593 0.006849
2262.0 0.443853 0.006858
2263.0 0.445949 0.006933
2264.0 0.450014 0.006880
2265.0 0.450687 0.006969
2266.0 0.428781 0.006764
2267.0 0.430592 0.006776
2268.0 0.450992 0.006970
2269.0 0.458052 0.007063
2270.0 0.452206 0.007004
2271.0 0.456546 0.006969
2272.0 0.458301 0.007112
2273.0 0.446684 0.007150
2274.0 0.455338 0.007253
2275.0 0.444364 0.007154
2276.0 0.458418 0.007264
2277.0 0.448901 0.007172
2278.0 0.450999 0.007497
2279.0 0.449369 0.007633
2280.0 0.450208 0.007191
2281.0 0.454272 0.007242
2282.0 0.438066 0.007142
2283.0 0.447396 0.007536
2284.0 0.451739 0.008319
2285.0 0.448397 0.008275
2286.0 0.446125 0.007396
2287.0 0.450583 0.007425
2288.0 0.453687 0.007493
2289.0 0.465585 0.007716
2290.0 0.441427 0.007445
2291.0 0.447916 0.007500
2292.0 0.457259 0.007616
2293.0 0.451599 0.007481
2294.0 0.450893 0.007300
2295.0 0.440060 0.007221
2296.0 0.452055 0.007323
2297.0 0.453166 0.007279
2298.0 0.452294 0.007279
2299.0 0.453941 0.007211
2300.0 0.463906 0.007323
2301.0 0.472320 0.007474
2302.0 0.473890 0.007442
2303.0 0.450759 0.007202
2304.0 0.458237 0.007278
2305.0 0.462430 0.007318
2306.0 0.450463 0.007221
2307.0 0.449578 0.007148
2308.0 0.453615 0.007258
2309.0 0.464857 0.007410
2310.0 0.454358 0.007264
2311.0 0.457493 0.007206
2312.0 0.458978 0.007170
2313.0 0.484291 0.007433
2314.0 0.470138 0.007269
2315.0 0.479532 0.007404
2316.0 0.476922 0.007433
2317.0 0.477863 0.007416
2318.0 0.473418 0.007415
2319.0 0.481221 0.007491
2320.0 0.479266 0.007444
2321.0 0.467027 0.007239
2322.0 0.477414 0.007358
2323.0 0.480266 0.007413
2324.0 0.473289 0.007387
2325.0 0.478880 0.007426
2326.0 0.476483 0.007401
2327.0 0.467647 0.007249
2328.0 0.478942 0.007403
2329.0 0.493275 0.007654
2330.0 0.480526 0.007515
2331.0 0.480162 0.007547
2332.0 0.473254 0.007426
2333.0 0.467096 0.007442
2334.0 0.479930 0.007616
2335.0 0.475060 0.007529
2336.0 0.454437 0.007329
2337.0 0.449516 0.007339
2338.0 0.464153 0.007454
2339.0 0.470445 0.007458
2340.0 0.469287 0.007415
2341.0 0.465611 0.007286
2342.0 0.470092 0.007548
2343.0 0.456174 0.007525
2344.0 0.473663 0.007606
2345.0 0.469582 0.007505
2346.0 0.464644 0.007461
2347.0 0.466164 0.007469
2348.0 0.464733 0.007478
2349.0 0.470437 0.007393
2350.0 0.466225 0.007350
2351.0 0.466377 0.007281
2352.0 0.467953 0.007393
2353.0 0.470878 0.007427
2354.0 0.443662 0.007077
2355.0 0.470510 0.007403
2356.0 0.480053 0.007522
2357.0 0.473265 0.007498
2358.0 0.461981 0.007285
2359.0 0.461027 0.007524
2360.0 0.472607 0.007763
2361.0 0.458166 0.007570
2362.0 0.464056 0.007839
2363.0 0.464958 0.007860
2364.0 0.461972 0.007810
2365.0 0.460789 0.007866
2366.0 0.478847 0.008037
2367.0 0.459358 0.007457
2368.0 0.452015 0.007419
2369.0 0.455231 0.007512
2370.0 0.461780 0.007348
2371.0 0.462112 0.007358
2372.0 0.460508 0.007422
2373.0 0.453041 0.007506
2374.0 0.462512 0.007738
2375.0 0.457391 0.007840
2376.0 0.458288 0.007920
2377.0 0.467349 0.008543
2378.0 0.479546 0.009403
2379.0 0.458458 0.009135
2380.0 0.474042 0.009437
2381.0 0.479890 0.009440
2382.0 0.471407 0.009529
2383.0 0.472526 0.009677
2384.0 0.468846 0.009407
2385.0 0.476973 0.009503
2386.0 0.480209 0.009543
2387.0 0.461189 0.009597
2388.0 0.464230 0.009971
2389.0 0.449640 0.009877
2390.0 0.463329 0.010139
2391.0 0.462078 0.011231
2392.0 0.459946 0.012546
2393.0 0.446374 0.012241
2394.0 0.449602 0.012945
2395.0 0.479158 0.013640
2396.0 0.474224 0.013564
2397.0 0.454520 0.013281
2398.0 0.471597 0.013688
2399.0 0.441965 0.013276
2400.0 0.475632 0.014911
2401.0 0.444306 0.013844
2402.0 0.447795 0.013367
2403.0 0.482737 0.013980
2404.0 0.481729 0.014627
2405.0 0.468532 0.015211
2406.0 0.487072 0.017414
2407.0 0.470683 0.017510
2408.0 0.442965 0.017469
2409.0 0.486288 0.015058
2410.0 0.469367 0.015827
2411.0 0.470000 0.016643
2412.0 0.470360 0.016892
2413.0 0.488511 0.017212
2414.0 0.489053 0.017302
2415.0 0.496950 0.017692
2416.0 0.469728 0.017104
2417.0 0.461917 0.016598
2418.0 0.456302 0.014964
2419.0 0.493376 0.015443
2420.0 0.477429 0.015196
2421.0 0.472123 0.015132
2422.0 0.456307 0.014830
2423.0 0.452532 0.014676
2424.0 0.460855 0.014823
2425.0 0.485155 0.015315
2426.0 0.496697 0.015503
2427.0 0.461306 0.014745
2428.0 0.460694 0.014646
2429.0 0.484186 0.015076
2430.0 0.495967 0.015551
2431.0 0.451792 0.014753
2432.0 0.485619 0.015292
2433.0 0.468391 0.015076
2434.0 0.463544 0.014935
2435.0 0.462269 0.014780
2436.0 0.461596 0.014798
2437.0 0.475835 0.014889
2438.0 0.481708 0.015094
2439.0 0.500405 0.015680
2440.0 0.480981 0.015359
2441.0 0.479592 0.015426
2442.0 0.469766 0.015237
2443.0 0.473824 0.014918
2444.0 0.477789 0.014885
2445.0 0.496361 0.015732
2446.0 0.472191 0.016590
2447.0 0.453333 0.016307
2448.0 0.471977 0.016613
2449.0 0.486773 0.016941
2450.0 0.475184 0.016977
2451.0 0.490660 0.017722
2452.0 0.481384 0.019547
2453.0 0.485983 0.018605
2454.0 0.469061 0.017107
2455.0 0.453713 0.016419
2456.0 0.480462 0.018075
2457.0 0.454168 0.018957
2458.0 0.459090 0.022457
2459.0 0.465605 0.023154
2460.0 0.496882 0.024113
2461.0 0.435512 0.030518
