 QSO		     z_LLS		    N_HI	s1   s2   fU logU
J030341-002321     2.99496      16.17  0.01 0.01  1 -1.75
J014516-094517A    2.66516      16.17  0.01 0.01  1 -1.85
J172409+531405     2.48778      16.20  0.03 0.03  1 -4.00
J134544+262506     2.86367      16.36  0.01 0.01  1 -2.10
J143316+313126     2.90116      16.16  0.01 0.01  1 -2.80
J134328+572147     2.87056      16.30  0.01 0.01  1 -1.55
J012156+144823     2.66586      16.32  0.01 0.01  1 -2.40
J135038-251216     2.57299      16.39  0.01 0.01  1 -2.50
J130411+295348     2.82922      16.39  0.01 0.01  2 -4.00
J134544+262506     2.87630      16.50  0.04 0.04  1 -1.80
J101447+430030     3.01439      16.63  0.01 0.01  2 -4.00
J170100+641209     2.43307      16.24  0.02 0.02  1 -2.25
J170100+641209     2.43359      16.38  0.01 0.01  1 -2.35
J212912-153841     2.90711      16.55  0.15 0.25  1 -2.30
J212912-153841     2.96755      17.32  0.25 0.25  2 -2.30
J131215+423900     2.48998      16.77  0.01 0.01  1 -1.60
J144453+291905     2.46714      16.78  0.02 0.02  1 -1.90
J020950-000506     2.57452      16.78  0.03 0.03  1 -1.90
J101723-204658     2.45053      17.23  0.01 0.01  1 -2.30
J132552+663405     2.38287      17.30  0.30 0.30  1 -1.90
J095852+120245     3.22319      17.36  0.05 0.05  1 -1.50
J025905+001121     3.08204      17.50  0.25 0.25  2 -3.60
J025905+001121     3.08465      17.25  0.25 0.25  1 -1.90
J162557+264448     2.55105      17.75  0.15 0.20  1 -2.20
J030341-002321     2.94076      18.65  0.15 0.30  1 -2.70
J064204+675835     2.90469      18.42  0.15 0.30  1 -3.00
