QSO_ID QSO_RA QSO_DEC Z_EM R1_ZMIN R1_ZMAX R2_ZMIN R2_ZMAX
B0002+0507 1.33416665 5.40311098 1.9 1.47 1.871 1.47 1.871
B0002-4214 1.20083332 -41.95777893 2.76 2.301 2.594 2.301 2.594
B0003+1553 1.49675 16.16363907 0.45 0.33 0.435 0.289 0.435
B0058+0155 15.22541618 2.19361115 1.954 1.035 1.535 0.824 1.535
B0107-0235 17.5547924 -2.33166671 0.948 0.793 0.929 0.78 0.929
B0119-0437 20.61624908 -4.3577776 1.925 1.47 1.896 1.47 1.896
B0122-0021 21.37041664 -0.0990278 1.07 0.82 1.049 0.791 1.049
B0143-0135 26.46333313 -1.34194446 3.124 1.612 2.593 1.612 2.593
B0150-2015 28.1137085 -20.01866722 2.139 1.474 2.108 1.474 2.108
B0207-3953 32.36916733 -39.66110992 2.813 2.48 2.593 2.48 2.593
B0219+4248 35.66508484 43.0355835 0.444 -99.0 -99.0 0.331 0.43
B0254-3327b 44.17750168 -33.25627899 1.915 1.583 1.886 1.474 1.886
B0421+0157 66.03583527 2.07361102 2.044 1.473 2.014 1.473 2.014
B0424-1309 66.77999878 -13.04833317 2.159 2.036 2.127 2.036 2.127
B0453-4220 73.84583282 -42.27138901 2.66 2.303 2.593 2.303 2.593
B0454+0356 74.19654083 4.0146389 1.345 0.858 1.322 0.858 1.322
B0454-2203 74.03708649 -21.98594475 0.534 0.473 0.519 0.473 0.519
B0624+6907 97.51125336 69.08444214 0.374 0.329 0.36 0.311 0.36
B0933+7315 144.45333862 73.03277588 2.528 2.332 2.493 2.332 2.493
B0935+4141 144.73750305 41.47258377 1.937 1.465 1.908 1.465 1.908
B0953+5454 149.31124878 54.67139053 2.584 2.51 2.548 2.51 2.548
B0954+5537 149.40899658 55.38269424 0.909 0.844 0.89 0.803 0.89
B0955+3238 149.5874939 32.40061188 0.533 0.523 0.518 0.331 0.518
B1001+2910 151.01083374 28.92638969 0.329 0.286 0.316 0.286 0.316
B1017+2759 154.98596191 27.73369408 1.928 1.502 1.899 1.473 1.899
B1047+5503 162.69082642 54.78861237 2.165 1.637 2.133 1.464 2.133
B1100+7715 166.05792236 76.98283386 0.311 0.302 0.298 0.283 0.298
B1100-2629 165.85525513 -26.7543602 2.145 1.838 2.114 1.838 2.114
B1104-1805a 166.6395874 -18.35666656 2.303 1.662 2.27 1.662 2.27
B1115+0802a2 169.57058716 7.76636124 1.722 1.471 1.695 1.471 1.695
B1146+1103e 177.17500305 10.78583336 1.1 0.813 1.079 0.795 1.079
B1146+1104b 177.18458557 10.79916668 1.01 0.852 0.99 0.82 0.99
B1148+5454 177.8351593 54.6257782 0.978 0.36 0.958 0.33 0.958
B1216+0655 184.83708191 6.64400005 0.334 0.309 0.321 0.284 0.321
B1222+2251 186.36412048 22.58694458 2.046 1.174 1.535 1.174 1.535
B1225+3145 187.10383606 31.47697258 2.219 1.796 2.187 1.796 2.187
B1247+2647 192.52388 26.51874924 2.043 1.47 2.013 1.47 2.013
B1248+3142 192.70966917 31.43160694 1.02 0.782 1.0 0.771 1.0
B1248+4007 192.70124817 39.86100006 1.03 0.773 1.01 0.773 1.01
B1249+2929 193.10417175 29.22249985 0.82 0.775 0.802 0.775 0.802
B1259+5918 195.30375671 59.03525162 0.472 0.297 0.457 0.28 0.457
B1320+2925 200.8354187 29.16861153 0.96 0.841 0.94 0.794 0.94
B1328+3045 202.7845459 30.5091114 0.849 0.79 0.831 0.78 0.831
B1329+4117 202.92124939 41.03305435 1.93 1.283 1.901 1.283 1.901
B1334-0033 204.19638062 -0.81602782 2.783 0.803 2.594 0.552 2.594
B1435+6349 219.19070435 63.61058426 2.068 1.938 2.037 1.938 2.037
B1517+2356 229.83108521 23.76758385 1.903 1.725 1.874 0.82 1.874
B1517+2357 229.80578613 23.78177834 1.834 0.821 1.806 0.8 1.806
B1542+5408 235.99749756 53.98416519 2.371 0.996 2.337 0.996 2.337
B1544+4855 236.37641907 48.76885986 0.4 0.331 0.386 0.322 0.386
B1622+2352 246.16282654 23.75336075 0.927 0.891 0.908 0.891 0.908
B1623+2653 246.45375061 26.78305626 2.526 1.042 2.491 1.042 2.491
B1704+6048 256.17208862 60.74166489 0.371 0.312 0.357 0.283 0.357
B1715+5331 259.14749146 53.47116852 1.94 1.47 1.911 1.47 1.911
B1718+4807 259.90957642 48.07005692 1.084 0.776 1.063 0.776 1.063
B1821+1042 276.01208496 10.74027824 1.36 1.252 1.336 1.252 1.336
B2145+0643 327.0229187 6.96083355 0.999 0.82 0.979 0.802 0.979
B2216-0350 334.7170105 -3.59372211 0.901 -99.0 -99.0 0.862 0.882
J0001+0709 0.4190833 7.1651721 3.234 2.226 2.481 2.214 2.481
J0012-0122 3.04533339 -1.36881673 1.998 1.387 1.968 1.387 1.968
J0021+0043 5.38859987 0.71687001 1.243 0.943 1.221 0.943 1.221
J0021+0104 5.36618996 1.07225001 1.829 1.575 1.801 1.575 1.801
J0021-0128A 5.46583319 -1.47614169 1.588 1.403 1.562 1.243 1.562
J0022-0128B 5.52037477 -1.48001945 1.04 0.83 1.02 0.83 1.02
J0027+2241 6.81416655 22.69958305 1.108 0.542 1.087 0.497 1.087
J0038-3501 9.52308369 -35.02787399 1.199 0.852 1.177 0.813 1.177
J0038-3504 9.57270813 -35.0681572 1.519 0.964 1.494 0.759 1.494
J0039-3529 9.90533352 -35.48808289 1.095 0.813 1.074 0.797 1.074
J0043-2622 10.92804146 -26.3692131 3.053 1.88 2.478 1.88 2.478
J0047+0319 11.77458286 3.33191681 0.624 -99.0 -99.0 0.495 0.608
J0051+0041 12.87695789 0.69715559 1.188 0.995 1.166 0.87 1.166
J0102-0853 15.70670795 -8.89555836 1.682 1.178 1.655 1.178 1.655
J0106+0105 16.51618004 1.08506 1.611 1.293 1.585 1.293 1.585
J0116-0043 19.06469917 -0.72648001 1.263 0.915 1.24 0.915 1.24
J0120+2133 20.07187462 21.56286049 1.5 1.318 1.475 1.05 1.475
J0123-0058 20.76341057 -0.97205001 1.55 1.397 1.524 1.397 1.524
J0126-0105 21.62647057 -1.08361995 1.609 1.193 1.583 1.193 1.583
J0128-3029 22.10350037 -30.49489975 0.475 0.255 0.46 0.255 0.46
J0134+0051 23.5239296 0.85268003 1.522 1.348 1.497 1.268 1.497
J0137-2430 24.4096241 -24.51491737 0.831 0.79 0.813 0.738 0.813
J0138-0005 24.60623932 -0.09277 1.34 1.219 1.317 1.112 1.317
J0139-0023 24.91110039 -0.39660999 1.384 1.082 1.36 1.082 1.36
J0141-0024 25.34587479 -0.40602219 2.611 2.215 2.464 2.215 2.464
J0144+3411 26.04908371 34.19895172 1.45 0.765 1.385 0.765 1.39
J0148+3854 27.1016674 38.9011116 1.442 -99.0 -99.0 1.215 1.418
J0152-2001 28.11371231 -20.01869202 2.147 1.447 1.658 1.447 1.658
J0153+0009 28.32542038 0.15323 0.837 0.793 0.819 0.793 0.819
J0153+0052 28.28767014 0.88066 1.163 1.053 1.141 1.053 1.141
J0157-0048 29.39093971 -0.80673999 1.545 1.411 1.52 1.411 1.52
J0208-0503 32.0124588 -5.05000257 1.85 1.072 1.822 1.072 1.822
J0235-0402 38.78025055 -4.03494453 1.438 0.497 1.414 0.497 1.414
J0240-1851 40.13566589 -18.86423874 0.631 0.257 0.615 0.242 0.615
J0241-1514 40.48541641 -15.24501133 2.786 -99.0 -99.0 2.198 2.474
J0251+4315 42.89412689 43.2543602 1.31 0.871 1.287 0.771 1.287
J0256-0126 44.0688324 -1.44372225 0.879 0.814 0.86 0.814 0.86
J0304-0008 46.20758438 -0.1371111 3.29 2.112 2.476 0.919 2.476
J0318-2012 49.60499954 -20.20541382 2.869 -99.0 -99.0 2.084 2.473
J0336-3607 54.03866577 -36.12591553 1.093 -99.0 -99.0 0.871 1.072
J0351-1429 57.86916733 -14.48586082 0.614 0.487 0.598 0.487 0.598
J0354-2724 58.52320862 -27.40559769 2.823 -99.0 -99.0 1.858 2.474
J0357-4812 59.34125137 -48.20416641 1.016 0.511 0.996 0.504 0.996
J0411-4956 62.75350189 -49.94899368 0.817 0.785 0.799 0.785 0.799
J0423-0120 65.8156662 -1.34279442 0.915 0.839 0.896 0.805 0.896
J0436-5258 69.21162415 -52.98015976 1.231 0.263 0.881 0.259 0.881
J0439-2422 69.78883362 -24.3690033 0.84 0.819 0.822 0.754 0.822
J0440-5248 70.04975128 -52.80508041 1.053 0.264 0.881 0.261 0.881
J0441-4313 70.3219986 -43.22883987 0.593 0.262 0.577 0.259 0.577
J0448-2044 72.24504089 -20.74602699 1.896 1.457 1.74 0.58 1.746
J0452-1640 73.05928802 -16.67132187 2.6 1.008 2.474 1.008 2.474
J0453-1305 73.3061676 -13.09884453 2.3 2.068 2.267 2.068 2.267
J0504-2944 76.07924652 -29.74419785 0.552 0.256 0.536 0.255 0.536
J0514-3326 78.5449295 -33.43958282 1.569 1.131 1.543 1.131 1.543
J0741+3111 115.29450226 31.19993019 0.63 0.482 0.614 0.482 0.614
J0806+5041 121.58525085 50.69018173 2.432 1.101 2.398 1.079 2.398
J0830+2410 127.71708679 24.18317986 0.939 0.772 0.92 0.772 0.92
J0839+5256 129.96813965 52.94007874 1.545 0.328 0.882 0.328 0.882
J0845+1328 131.44696045 13.48289204 1.877 0.768 1.254 0.768 1.357
J0853+4349 133.39250183 43.81694412 0.513 -99.0 -99.0 0.495 0.498
J0859+4637 134.85133362 46.62149811 0.923 0.615 0.904 0.499 0.904
J0912+2450 138.07403564 24.84380531 0.654 0.262 0.637 0.259 0.637
J0919+5106 139.99041748 51.10277939 0.553 0.512 0.537 0.495 0.537
J0944+2554 146.17642212 25.91181374 2.91 2.235 2.456 2.235 2.456
J0948+4323 147.14967346 43.38389206 1.892 1.227 1.863 1.227 1.863
J0953-0038 148.34828186 -0.63433999 1.382 1.006 1.358 1.006 1.358
J0954+1743 148.73687744 17.72530365 1.478 0.502 1.453 0.502 1.453
J0958+3224 149.58746338 32.40065765 0.53 0.258 0.515 0.256 0.515
J1003+6813 150.77833557 68.2215271 0.773 0.705 0.755 0.505 0.755
J1008-0018 152.15548706 -0.30978 1.35 0.931 1.327 0.876 1.327
J1009+0036 152.43809509 0.60922998 1.702 1.031 1.675 0.959 1.675
J1009-0026 152.37675476 -0.43864 1.244 0.889 1.222 0.889 1.222
J1010+0003 152.57566833 0.06427 1.399 1.266 1.375 1.266 1.375
J1010+4132 152.61457825 41.54419327 0.613 0.495 0.597 0.495 0.597
J1010-0047 152.63916016 -0.79010999 1.671 1.328 1.644 1.328 1.644
J1011+1304 152.79499817 13.06999969 1.287 0.879 1.264 0.497 1.264
J1017+5356 154.42803955 53.94316483 1.4 1.296 1.376 1.296 1.376
J1022+0101 155.74906921 1.02311003 1.563 1.552 1.537 1.416 1.537
J1022+3041 155.62615967 30.68468285 1.318 0.345 0.882 0.31 0.882
J1024+1912 156.18708801 19.20544434 0.828 0.745 0.81 0.53 0.81
J1028-0100 157.15408325 -1.00774002 1.53 0.843 1.505 0.801 1.505
J1032+0003 158.16317749 0.06483 1.19 1.106 1.168 1.106 1.168
J1037+0028 159.43496704 0.46902999 1.733 1.425 1.706 1.425 1.706
J1038-2752 159.53514099 -27.87722015 2.168 0.833 1.028 0.825 1.259
J1041+0610 160.32167053 6.171278 1.265 0.514 1.242 0.502 1.242
J1042+1203 160.68583679 12.05869484 1.028 0.714 1.008 0.619 1.008
J1048+0032 162.21888733 0.54149997 1.649 1.194 1.623 1.194 1.623
J1054-0020 163.67062378 -0.34698001 1.021 -99.0 -99.0 0.952 1.001
J1058+1951 164.57458496 19.86416626 1.11 1.037 1.089 1.037 1.089
J1103+3715 165.9571228 37.25708389 1.295 1.239 1.272 1.239 1.272
J1107+0048 166.8709259 0.80286002 1.391 0.919 1.367 0.831 1.367
J1107+1628 166.8125 16.46733284 0.632 0.483 0.616 0.483 0.616
J1108+3133 167.00541687 31.55899429 2.244 1.194 2.212 1.194 2.212
J1109+0051 167.40150452 0.85289001 0.957 0.834 0.937 0.803 0.937
J1110+3019 167.66770935 30.3194313 1.521 1.245 1.496 1.085 1.496
J1125+5910 171.47438049 59.17255402 0.852 0.259 0.833 0.259 0.833
J1130-1449 172.5292511 -14.82433319 1.187 0.502 1.165 0.502 1.165
J1139-1350 174.79458618 -13.84530544 0.554 -99.0 -99.0 0.497 0.538
J1143+3452 175.78671265 34.87297058 3.13 0.556 0.88 0.556 0.88
J1150-0023 177.68275452 -0.3986389 1.98 0.502 1.751 0.502 1.751
J1151+3825 177.87203979 38.4314003 1.304 0.544 1.281 0.489 1.281
J1208+4540 182.2416687 45.67666626 1.155 0.767 1.133 0.502 1.133
J1211+1030 182.91925049 10.50069427 2.193 0.698 1.751 0.636 1.751
J1218+1105 184.60874939 11.08480549 1.403 1.08 1.379 0.572 1.379
J1220+3343 185.14112854 33.72014618 1.532 1.502 1.507 1.415 1.507
J1220-0040 185.15429688 -0.67609 1.411 0.963 1.387 0.963 1.387
J1224+0037 186.05955505 0.61886001 1.482 1.268 1.457 1.268 1.457
J1225+0035 186.48588562 0.59277999 1.226 1.099 1.204 1.038 1.204
J1225-0052 186.49351501 -0.87418002 0.964 0.91 0.944 0.844 0.944
J1226-0006 186.53358459 -0.10086 1.118 -99.0 -99.0 1.077 1.097
J1228+1018 187.15379333 10.31171131 2.305 1.392 2.272 1.126 2.272
J1232-0224 188.00036621 -2.40210176 1.038 0.761 1.018 0.485 1.018
J1247+3209 191.83667083 32.150275 0.949 0.756 0.93 0.5 0.93
J1254+1141 193.65916443 11.68502808 0.87 0.57 0.851 0.5 0.851
J1313-2716 198.44717407 -27.28030205 2.186 1.684 2.154 1.684 2.154
J1319+2728 199.98458862 27.46899986 1.014 0.661 0.994 0.661 0.994
J1319+5148 199.94262695 51.80169296 1.055 0.687 1.034 0.5 1.034
J1321+1106 200.32867432 11.11359978 2.181 1.971 2.149 1.849 2.149
J1321+2847 200.31140137 28.79685593 1.703 1.135 1.676 1.135 1.676
J1322+4739 200.66387939 47.65776825 1.554 1.072 1.528 1.072 1.528
J1322+4739b 200.71133423 47.66015244 1.101 0.921 1.08 0.753 1.08
J1323-0021 200.84893799 -0.36570999 1.388 1.331 1.364 1.085 1.364
J1331+3030 202.78456116 30.50912857 0.846 0.701 0.828 0.701 0.828
J1336+1725 204.0083313 17.42027855 0.554 0.502 0.538 0.502 0.538
J1341+0059 205.47598267 0.99675 1.714 1.597 1.687 1.597 1.687
J1341+4123 205.25332642 41.38724899 1.204 0.683 1.182 0.502 1.182
J1342+6021 205.5552063 60.36191559 0.961 0.258 0.941 0.258 0.941
J1343+2844 205.75083923 28.73555565 0.905 0.704 0.886 0.499 0.886
J1345-0023 206.44924927 -0.38995999 1.095 0.811 1.074 0.784 1.074
J1351-0007 207.96008301 -0.1276944 1.444 1.159 1.42 1.159 1.42
J1354+0052 208.74458313 0.86944437 1.121 0.667 1.1 0.667 1.1
J1357+1919 209.26875305 19.31850052 0.719 0.608 0.702 0.497 0.702
J1404-0130 211.19099426 -1.50613058 2.522 1.719 2.482 1.719 2.482
J1409+2618 212.3494873 26.30589104 0.945 0.502 0.926 0.502 0.926
J1418+1703 214.51541138 17.05691719 0.821 0.725 0.803 0.495 0.803
J1419-0036 214.83757019 -0.61496001 0.969 0.822 0.949 0.822 0.949
J1420-0054 215.21017456 -0.90750003 1.458 1.332 1.433 1.332 1.433
J1423+3252 215.85882568 32.87252045 1.905 1.49 1.876 1.176 1.876
J1426+0051 216.71194458 0.86394 1.333 0.94 1.31 0.838 1.31
J1427-1203 216.90875244 -12.06386089 0.805 -99.0 -99.0 0.652 0.787
J1431+3952 217.83558655 39.87819672 1.215 0.823 1.193 0.803 1.193
J1431-0050 217.93226624 -0.83679998 1.188 0.942 1.166 0.858 1.166
J1436-0051 219.18751526 -0.86423999 1.273 1.109 1.25 0.919 1.25
J1437-0147 219.4511261 -1.78649998 1.31 0.499 1.287 0.499 1.287
J1455-0045 223.78401184 -0.75233001 1.375 1.095 1.351 1.095 1.351
J1501+0019 225.34771729 0.32751 1.93 1.486 1.901 1.486 1.901
J1502-4154 225.7300415 -41.90827942 1.026 -99.0 -99.0 1.001 1.006
J1504+0122 226.20904541 1.37096941 0.967 0.271 0.882 0.259 0.882
J1513+1011 228.37220764 10.18496418 1.546 1.042 1.521 1.042 1.521
J1521-0009 230.25822449 -0.1512 1.318 1.094 1.295 0.955 1.295
J1524+0958 231.10220337 9.9748497 1.324 0.501 1.301 0.501 1.301
J1527+2452 231.75733948 24.8804493 0.993 -99.0 -99.0 0.946 0.973
J1537+0021 234.30725098 0.35429999 1.754 1.632 1.726 1.632 1.726
J1537+3358 234.3792572 33.97720718 1.025 0.902 1.005 0.902 1.005
J1539+4735 234.89497375 47.59211731 0.772 0.715 0.754 0.52 0.754
J1544+5912 236.08375549 59.20722198 0.807 0.26 0.789 0.259 0.789
J1601+1714 240.33479309 17.23770905 1.952 1.581 1.736 1.538 1.751
J1614+4704 243.64440918 47.07230759 1.86 1.405 1.831 1.405 1.831
J1619+3813 244.94525146 38.22467041 1.124 0.258 0.883 0.258 0.883
J1620+1736 245.09083557 17.60666656 0.555 0.535 0.539 0.488 0.539
J1629+3808 247.55661011 37.97251129 1.461 1.11 1.436 0.981 1.436
J1631+1156 247.93824768 11.93421364 1.792 1.112 1.764 0.974 1.764
J1637+2509 249.48016357 25.15849495 1.11 0.999 1.089 0.888 1.089
J1649+3046 252.37028503 30.78122139 1.123 1.072 1.102 1.072 1.102
J1658+0515 254.6395874 5.25458336 0.879 0.539 0.86 0.499 0.86
J1704+7057 256.10876465 70.95970154 2.015 1.81 1.985 1.029 1.985
J1706+3615 256.64212036 36.25233459 0.918 0.826 0.899 0.794 0.899
J1712+5559 258.18371582 55.9973793 1.358 1.209 1.334 1.209 1.334
J1716+5654 259.09887695 56.91257095 0.937 -99.0 -99.0 0.905 0.918
J1722+5442 260.65429688 54.70116043 1.215 0.948 1.193 0.864 1.193
J1727+5302 261.91226196 53.04150009 1.444 1.032 1.42 1.032 1.42
J1729+5758 262.49499512 57.97731018 1.342 0.856 1.319 0.824 1.319
J1733+5533 263.34609985 55.55007172 1.072 0.999 1.051 0.999 1.051
J1858+5645 284.6121521 56.76560211 1.595 1.234 1.569 1.234 1.569
J1902+3159 285.7336731 31.99490356 0.635 0.482 0.619 0.482 0.619
J2051+1950 312.80267334 19.83527565 2.367 1.833 2.333 1.747 2.333
J2151+2130 327.94094849 21.50374985 1.534 1.17 1.509 1.004 1.509
J2154-4414 328.71316528 -44.23495865 0.344 0.256 0.331 0.256 0.331
J2215-2944 333.8168335 -29.73989105 2.706 0.936 2.594 0.862 2.594
J2233-6033 338.4069519 -60.55804062 2.238 0.265 2.206 0.263 2.206
J2246-1206 341.57583618 -12.11422253 0.63 0.499 0.614 0.499 0.614
J2253+1608 343.49084473 16.14816666 0.859 0.793 0.84 0.537 0.84
J2258-2758 344.52511597 -27.97254181 0.927 0.819 0.908 0.79 0.908
J2328+0022 352.08480835 0.37696999 1.308 0.836 1.285 0.809 1.285
J2331+0038 352.84085083 0.63507998 1.486 1.143 1.461 1.143 1.461
J2334+0052 353.66659546 0.86671001 1.04 0.854 1.02 0.823 1.02
J2339-0029 354.82427979 -0.49564999 1.34 -99.0 -99.0 1.155 1.317
J2342-0322 355.73583984 -3.37402773 0.896 0.539 0.877 0.499 0.877
J2346+0930 356.65374756 9.51277733 0.673 0.614 0.656 0.499 0.656
J2352-0028 358.22296143 -0.48091999 1.624 1.345 1.598 1.318 1.598
J2355-3357 358.85665894 -33.96549988 0.702 0.497 0.685 0.486 0.685
