#Table of all QSOs from Ribaudo, Lehner, Howk 2011
#Columns are as follows:
File-ID  RA  DEC  GL  GB  ZEM  Zlls  NHI  NHIp NHIm LLS-TYPE
B0002-4214     1.20083332   -41.95777893  332.680756  -72.370941   2.760   2.301  17.81  0.0  0.0  R1,R2
B0002+0507     1.33416665     5.40311098  102.310738  -55.611916   1.900  0.0  0.0  0.0  0.0  none
B0003+0146     1.44812500     2.05061102  100.481804  -58.817158   0.234  0.0  0.0  0.0  0.0  none
B0003+1553     1.49675000    16.16363907  107.318291  -45.325634   0.450  0.0  0.0  0.0  0.0  none
B0003+1955     1.58133328    20.20286179  108.763321  -41.424332   0.025  0.0  0.0  0.0  0.0  none
B0007+1041     2.62891674    10.97472191  106.978897  -50.625050   0.089  0.0  0.0  0.0  0.0  none
B0015+1612     4.63291645    16.49055481  111.611458  -45.656570   0.553  0.0  0.0  0.0  0.0  none
B0017+0209     5.10441685     2.44036102  107.527420  -59.500359   0.401  0.0  0.0  0.0  0.0  none
B0018+2825     5.15833330    28.70861053  114.812523  -33.676914   0.509  0.0  0.0  0.0  0.0  none
B0024+2225     6.81416655    22.69972229  115.663551  -39.830421   1.108  0.0  0.0  0.0  0.0  none
B0026+1259     7.30712509    13.26772213  114.637619  -49.245945   0.142  0.0  0.0  0.0  0.0  none
B0042+1010    11.24491692    10.44799995  120.329521  -52.391045   0.583  0.0  0.0  0.0  0.0  none
B0043+0354    11.44666672     4.17333317  120.221306  -58.668610   0.384  0.0  0.0  0.0  0.0  none
B0044+0303    11.77458286     3.33191657  120.796158  -59.521778   0.624  0.0  0.0  0.0  0.0  none
B0050+1225    13.39591694    12.69341660  123.749016  -50.174858   0.061  0.0  0.0  0.0  0.0  none
B0052+2509    13.71720791    25.42758369  123.907501  -37.437576   0.155  0.0  0.0  0.0  0.0  none
B0058+0155    15.22541618     2.19361115  127.750626  -60.589512   1.954   1.463  17.09  0.03  0.03  PLLS
B0100+0205    15.80412483     2.35288882  128.893265  -60.382401   0.394  0.0  0.0  0.0  0.0  none
B0102-2713    16.17083359   -26.95222282  210.270004  -87.045486   0.780  0.0  0.0  0.0  0.0  none
B0107-0234    17.56800079    -2.31466675  134.029984  -64.779762   0.942  0.0  0.0  0.0  0.0  none
B0107-0235    17.55479240    -2.33166671  134.006302  -64.798775   0.948  0.0  0.0  0.0  0.0  none
B0107-1537    17.38125038   -15.36444473  143.507477  -77.507729   0.861  0.0  0.0  0.0  0.0  none
B0112-0142    18.82133293    -1.45136106  136.482101  -63.693916   1.365  0.0  0.0  0.0  0.0  none
B0115+0242    19.57691574     2.96830559  136.124573  -59.213402   0.672  0.0  0.0  0.0  0.0  none
B0117+2118    20.07208252    21.56277847  131.806580  -40.811211   1.493  0.0  0.0  0.0  0.0  none
B0119-0437    20.61624908    -4.35777760  142.297806  -66.056007   1.925   1.964  17.46  0.01  0.01  Prox
B0121-5903    20.94050026   -58.80605698  295.073212  -57.826252   0.047  0.0  0.0  0.0  0.0  none
B0122-0021    21.37041664    -0.09902780  141.043091  -61.569763   1.070  0.0  0.0  0.0  0.0  none
B0125-0635    21.89779091    -6.32663870  147.004028  -67.492928   0.005  0.0  0.0  0.0  0.0  none
B0133+2042    24.10195923    20.95736122  136.826706  -40.697861   0.425  0.0  0.0  0.0  0.0  none
B0137+0116    24.98862457     1.52952778  147.038742  -59.052498   0.260  0.0  0.0  0.0  0.0  none
B0143-0135    26.46333313    -1.34194446  152.045792  -61.099567   3.124   1.612  17.61  0.0  0.0  R1,R2
B0150-2015    28.11370850   -20.01866722  189.201340  -74.333466   2.139  0.0  0.0  0.0  0.0  none
B0159-1147    30.48833275   -11.54269409  173.077835  -67.261734   0.669  0.0  0.0  0.0  0.0  none
B0207-3953    32.36916733   -39.66110992  255.621201  -69.526550   2.813   2.480  17.72  0.0  0.0  R1,R2
B0214+1050    34.28195953    11.06933308  154.321991  -46.513729   0.408  0.0  0.0  0.0  0.0  none
B0219+4248    35.66508484    43.03558350  140.142944  -16.766724   0.444  0.0  0.0  0.0  0.0  none
B0232-0415    38.78041840    -4.03499985  174.462296  -56.155781   1.450  0.0  0.0  0.0  0.0  none
B0253-0138    44.06883240    -1.44372225  177.581787  -50.573078   0.879  0.0  0.0  0.0  0.0  none
B0254-3327b    44.17750168   -33.25627899  233.408310  -62.356049   1.915  0.0  0.0  0.0  0.0  none
B0302-2223    46.20750046   -22.19777870  211.082794  -59.386395   1.400  0.0  0.0  0.0  0.0  none
B0333+3208    54.12570953    32.30805588  158.999893  -18.764936   1.258  0.0  0.0  0.0  0.0  none
B0334-3617    54.03866577   -36.12591553  237.887955  -54.084854   1.100  0.0  0.0  0.0  0.0  none
B0349-1438    57.86916733   -14.48586082  205.484940  -46.324890   0.616  0.0  0.0  0.0  0.0  none
B0350-0719    58.12733459    -7.18388891  196.557343  -42.724434   0.962  0.0  0.0  0.0  0.0  none
B0355-4820    59.34125137   -48.20416641  256.156860  -48.450813   1.005  0.0  0.0  0.0  0.0  none
B0403-1316    61.39158249   -13.13724995  205.763992  -42.653568   0.571  0.0  0.0  0.0  0.0  none
B0405-1219    61.95166779   -12.19333363  204.926819  -41.756317   0.574  0.0  0.0  0.0  0.0  none
B0414-0601    64.31979370    -5.89608335  199.126892  -36.756798   0.781  0.0  0.0  0.0  0.0  none
B0420-0127    65.81583405    -1.34277773  195.290390  -33.140030   0.915  0.0  0.0  0.0  0.0  none
B0421+0157    66.03583527     2.07361102  192.041641  -31.102377   2.044  0.0  0.0  0.0  0.0  none
B0424-1309    66.77999878   -13.04833317  208.526047  -37.845600   2.159   2.036  17.79  0.0  0.0  R1,R2
B0439-4319    70.32208252   -43.22880554  247.979462  -41.382843   0.593  0.0  0.0  0.0  0.0  none
B0450-2958    73.12500000   -29.89305496  231.130127  -37.585464   0.286  0.0  0.0  0.0  0.0  none
B0453-4220    73.84583282   -42.27138901  246.841522  -38.765057   2.660   2.304  17.81  0.0  0.0  R1,R2
B0454-2203    74.03708649   -21.98594475  221.978699  -34.650379   0.534   0.473  17.74  0.0  0.0  R1,R2
B0454+0356    74.19654083     4.01463890  195.164062  -23.198374   1.345   1.153  17.26  0.01  0.02  R1
B0454+0356    74.19654083     4.01463890  195.164062  -23.198374   1.345   0.993  17.04  0.02  0.03  PLLS
B0454+0356    74.19654083     4.01463890  195.164062  -23.198374   1.345   0.858  17.58  0.0  0.0  R1,R2
B0506-6113    76.68374634   -61.16110992  270.550079  -36.071934   1.093  0.0  0.0  0.0  0.0  none
B0537-4406    84.70983124   -44.08586121  250.082855  -31.089640   0.894  0.0  0.0  0.0  0.0  none
B0624+6907    97.51125336    69.08444214  145.708633   23.348694   0.374  0.0  0.0  0.0  0.0  none
B0637-7513    98.94458008   -75.27127838  286.368317  -27.158184   0.656  0.0  0.0  0.0  0.0  none
B0710+1151   108.25995636    11.77097225  204.783890   10.079987   0.768  0.0  0.0  0.0  0.0  none
B0740+3800   116.07279205    37.88802719  181.787033   26.140913   1.063  0.0  0.0  0.0  0.0  none
B0742+3150   116.42375183    31.71547318  188.430023   24.662743   0.462  0.0  0.0  0.0  0.0  none
B0743-6719   115.88208008   -67.44027710  279.472626  -20.130096   1.511  0.0  0.0  0.0  0.0  none
B0823-2220   126.50624847   -22.50749969  243.990097    8.930044   0.910  0.0  0.0  0.0  0.0  none
B0827+2421   127.71704102    24.18330574  200.021606   31.876072   0.935  0.0  0.0  0.0  0.0  none
B0838+1323   130.19816589    13.20658302  212.967972   30.138548   0.684  0.0  0.0  0.0  0.0  none
B0844+3456   131.92704773    34.75097275  188.564209   37.965458   0.064  0.0  0.0  0.0  0.0  none
B0848+1623   132.92416382    16.20611191  210.931473   33.738937   1.936   1.926  17.87  0.0  0.0  Prox
B0850+4400   133.39250183    43.81694412  177.083832   39.937550   0.513  0.0  0.0  0.0  0.0  none
B0851+2017   133.70370483    20.10836029  206.812424   35.820938   0.306  0.0  0.0  0.0  0.0  none
B0859-1403   135.57000732   -14.25863934  242.252899   20.721167   1.327  0.0  0.0  0.0  0.0  none
B0903+1658   136.63275146    16.77005577  211.918137   37.248688   0.411  0.0  0.0  0.0  0.0  none
B0906+4305   137.38970947    42.89638901  178.325775   42.840034   0.670  0.0  0.0  0.0  0.0  none
B0907-0920   137.37791443    -9.53999996  239.273666   24.947205   0.625  0.0  0.0  0.0  0.0  none
B0916+5118   139.99041748    51.10277939  166.854126   43.806286   0.553  0.0  0.0  0.0  0.0  none
B0923+3915   141.76271057    39.03913879  183.708572   46.163883   0.699  0.0  0.0  0.0  0.0  none
B0933+7315   144.45333862    73.03277588  138.896225   37.484875   2.528   2.332  17.80  0.0  0.0  R1,R2
B0933+7315   144.45333862    73.03277588  138.896225   37.484875   2.528   1.508  17.42  0.0  0.0  LQ
B0935+4141   144.73750305    41.47258377  180.001526   48.342464   1.937   1.465  17.88  0.0  0.0  R1,R2
B0945+4053   147.23054504    40.66249847  180.992386   50.284523   1.252  0.0  0.0  0.0  0.0  none
B0953+4129   149.21833801    41.25638962  179.785873   51.709137   0.239  0.0  0.0  0.0  0.0  none
B0953+5454   149.31124878    54.67139053  159.607300   48.161678   2.584   2.510  17.80  0.0  0.0  R1,R2
B0954+5537   149.40899658    55.38269424  158.598755   47.928268   0.909  0.0  0.0  0.0  0.0  none
B0955+3238   149.58749390    32.40061188  194.172470   52.322163   0.533  0.0  0.0  0.0  0.0  none
B0957+5608a   150.33641052    55.89863968  157.569702   48.187267   1.414  0.0  0.0  0.0  0.0  none
B0957+5608b   150.33703613    55.89699936  157.571686   48.188293   1.414  0.0  0.0  0.0  0.0  none
B0958+2901   150.45625305    28.78583336  200.206833   52.706779   0.185  0.0  0.0  0.0  0.0  none
B0958+5509   150.37416077    54.91083145  158.903961   48.625126   1.750   1.733  17.93  0.0  0.0  Prox
B0959+6827   150.77833557    68.22152710  142.464539   41.952545   0.773  0.0  0.0  0.0  0.0  none
B1001+0527   151.08375549     5.21666670  234.161102   44.621956   0.161  0.0  0.0  0.0  0.0  none
B1001+2239   151.19058228    22.42197227  210.640305   52.044029   0.974  0.0  0.0  0.0  0.0  none
B1001+2910   151.01083374    28.92638969  200.083771   53.206963   0.329  0.0  0.0  0.0  0.0  none
B1007+4147   152.61457825    41.54419327  178.640427   54.178143   0.611  0.0  0.0  0.0  0.0  none
B1008+1319   152.79499817    13.06999969  225.403595   50.049370   1.287  0.0  0.0  0.0  0.0  none
B1010+3606   153.26321411    35.85641479  188.329147   55.377724   0.070  0.0  0.0  0.0  0.0  none
B1017+2759   154.98596191    27.73369408  202.956329   56.513905   1.928   1.608  17.39  0.01  0.02  R1
B1026-0045a   157.14582825    -1.01222217  246.404205   45.598354   1.437  0.0  0.0  0.0  0.0  none
B1026-0045b   157.15415955    -1.00777781  246.407455   45.607510   1.530  0.0  0.0  0.0  0.0  none
B1028+3118   157.74624634    31.04888916  197.129639   59.193523   0.178  0.0  0.0  0.0  0.0  none
B1038+0625   160.32167053     6.17138910  241.113922   52.651829   1.270  0.0  0.0  0.0  0.0  none
B1047+5503   162.69082642    54.78861237  153.033569   54.707012   2.165   1.637  17.13  0.03  0.03  PLLS
B1049-0035   162.96458435    -0.85502779  250.401962   51.103851   0.357  0.0  0.0  0.0  0.0  none
B1055+2007   164.57458496    19.86408424  222.514877   63.129898   1.110  0.0  0.0  0.0  0.0  none
B1100-2629   165.85525513   -26.75436020  274.959442   30.185177   2.145   1.838  17.93  0.0  0.0  R1,R2
B1100+7715   166.05792236    76.98283386  130.393707   38.549950   0.311  0.0  0.0  0.0  0.0  none
B1103-0036   166.63229370    -0.88150001  254.747391   53.637569   0.425  0.0  0.0  0.0  0.0  none
B1103+6416   166.54499817    64.00250244  140.312943   49.422829   2.190   1.892  17.46  0.01  0.00  IUE
B1103+6416   166.54499817    64.00250244  140.312943   49.422829   2.190   0.976  16.73  0.09  0.10  IUE
B1104-1805a   166.63958740   -18.35666656  270.834137   37.892437   2.303   2.201  16.51  0.06  0.09  PLLS
B1104-1805a   166.63958740   -18.35666656  270.834137   37.892437   2.303   1.662  17.86  0.0  0.0  DLA
B1104-1805b   166.63999939   -18.35722160  270.834930   37.892155   2.303   2.201  16.98  0.03  0.03  PLLS
B1104-1805b   166.63999939   -18.35722160  270.834930   37.892155   2.303   1.662  17.50  0.05  0.05  DLA
B1104+1644   166.81250000    16.46733284  231.393784   63.644192   0.634  0.0  0.0  0.0  0.0  none
B1111+4053   168.66125488    40.62224960  172.642105   65.928764   0.734  0.0  0.0  0.0  0.0  none
B1114+4429   169.27624512    44.22611237  164.674988   64.493835   0.144  0.0  0.0  0.0  0.0  none
B1115+0802a1   169.57058716     7.76636124  249.887634   60.644466   1.722  0.0  0.0  0.0  0.0  none
B1115+0802a2   169.57058716     7.76636124  249.887634   60.644466   1.722  0.0  0.0  0.0  0.0  none
B1115+4042   169.62625122    40.43194580  172.233292   66.668503   0.154  0.0  0.0  0.0  0.0  none
B1116+2135   169.78625488    21.32166672  223.360336   68.209450   0.117  0.0  0.0  0.0  0.0  none
B1118+1252   170.37399292    12.60469437  243.100189   64.424194   0.685  0.0  0.0  0.0  0.0  none
B1121+4218   171.16320801    42.02922058  167.257950   66.858734   0.234  0.0  0.0  0.0  0.0  none
B1122-1648   171.17832947   -17.08833313  275.017334   41.035385   2.400  0.0  0.0  0.0  0.0  none
B1124+2711   171.90167236    26.91388893  208.779434   71.350433   0.378  0.0  0.0  0.0  0.0  none
B1127-1432   172.52925110   -14.82433319  275.280701   43.638187   1.187  0.0  0.0  0.0  0.0  none
B1130+1108   173.37625122    10.87305546  250.754562   65.502228   0.510  0.0  0.0  0.0  0.0  none
B1132-0302   173.77041626    -3.31458330  268.800079   54.417370   0.237  0.0  0.0  0.0  0.0  none
B1136-1334   174.79458618   -13.84530544  277.525085   45.431767   0.557  0.0  0.0  0.0  0.0  none
B1137+6604   174.98791504    65.79705811  134.158951   49.744122   0.652  0.0  0.0  0.0  0.0  none
B1138+0204   175.34045410     1.80091667  266.434814   59.611824   0.383  0.0  0.0  0.0  0.0  none
B1144-0115   176.82511902    -1.53547227  272.063721   57.441029   0.382  0.0  0.0  0.0  0.0  none
B1146+1103e   177.17500305    10.78583336  257.838562   67.978546   1.100  0.0  0.0  0.0  0.0  none
B1146+1104b   177.18458557    10.79916668  257.834991   67.994812   1.010  0.0  0.0  0.0  0.0  none
B1146+1106c   177.16416931    10.83805561  257.727264   68.011734   1.010  0.0  0.0  0.0  0.0  none
B1148+5454   177.83515930    54.62577820  140.614471   60.391228   0.978  0.0  0.0  0.0  0.0  none
B1150+4947   178.35191345    49.51905441  145.549210   64.983421   0.334  0.0  0.0  0.0  0.0  none
B1156+2123   179.85916138    21.11561203  237.026352   76.709946   0.349  0.0  0.0  0.0  0.0  none
B1156+2931   179.88291931    29.24544525  199.414352   78.374580   0.729  0.0  0.0  0.0  0.0  none
B1156+6311   179.66629028    62.90780640  132.921112   53.185135   0.594  0.0  0.0  0.0  0.0  none
B1202+2810   181.17582703    27.90333366  205.963257   79.612991   0.165  0.0  0.0  0.0  0.0  none
B1206+4557   182.24166870    45.67666626  144.629227   69.620850   1.158  0.0  0.0  0.0  0.0  none
B1211+1419   183.57366943    14.05341625  267.552643   74.314751   0.085  0.0  0.0  0.0  0.0  none
B1214+1804   184.20437622    17.80125046  260.570587   77.722527   0.375  0.0  0.0  0.0  0.0  none
B1215+6423   184.42025757    64.11872101  128.987930   52.610943   1.288  0.0  0.0  0.0  0.0  none
B1216+0655   184.83708191     6.64400005  281.071106   68.143105   0.334  0.0  0.0  0.0  0.0  none
B1216+5032a   184.67124939    50.25999832  135.886902   66.036514   1.450  0.0  0.0  0.0  0.0  none
B1219+0447   185.40808105     4.50713873  284.179077   66.287582   0.094  0.0  0.0  0.0  0.0  none
B1219+7535   185.43350220    75.31058502  125.446701   41.672459   0.070  0.0  0.0  0.0  0.0  none
B1220+1601   185.87841797    15.75219440  271.842407   76.906853   0.081  0.0  0.0  0.0  0.0  none
B1222+2251   186.36412048    22.58694458  249.144058   82.562080   2.046   1.174  17.05  0.08  0.08  PLLS
B1225+3145   187.10383606    31.47697258  170.646851   83.361145   2.219   1.796  17.96  0.0  0.0  R1,R2
B1229-0207   188.00000000    -2.40149999  293.156097   60.100719   1.045  0.0  0.0  0.0  0.0  none
B1230+0947   188.35745239     9.52305603  288.512054   71.888733   0.420  0.0  0.0  0.0  0.0  none
B1241+1737   191.04499817    17.35111046  292.827667   80.080078   1.273  0.0  0.0  0.0  0.0  none
B1247+2647   192.52388000    26.51874924  276.688568   89.320778   2.043  0.0  0.0  0.0  0.0  none
B1248+3032   192.60641479    30.27772141  126.903961   86.842834   1.061  0.0  0.0  0.0  0.0  none
B1248+4007   192.70124817    39.86100006  123.483124   77.266701   1.030  0.0  0.0  0.0  0.0  none
B1249+2929   193.10417175    29.22249985  117.109650   87.894791   0.820  0.0  0.0  0.0  0.0  none
B1250+3122   193.32292175    31.09722137  117.219208   86.010567   0.780  0.0  0.0  0.0  0.0  none
B1250+5650   193.10954285    56.57233429  122.651764   60.555515   0.321  0.0  0.0  0.0  0.0  none
B1252+1157   193.65916443    11.68502808  305.870453   74.538437   0.871  0.0  0.0  0.0  0.0  none
B1253-0531   194.00479126    -5.78936100  305.027924   57.063686   0.538  0.0  0.0  0.0  0.0  none
B1257+3439   194.95291138    34.38944626  109.543228   82.520004   1.375  0.0  0.0  0.0  0.0  none
B1258+2835   195.25375366    28.32894516   63.016895   87.564377   1.355  0.0  0.0  0.0  0.0  none
B1259+5918   195.30375671    59.03525162  120.555626   58.048012   0.472  0.0  0.0  0.0  0.0  none
B1302-1017   196.38749695   -10.55566692  308.591309   52.160896   0.286  0.0  0.0  0.0  0.0  none
B1305+0658   196.97483826     6.70394421  314.512878   69.204659   0.602  0.0  0.0  0.0  0.0  none
B1306+3021   197.12370300    30.09416580   72.325966   85.224838   0.806  0.0  0.0  0.0  0.0  none
B1307+0835   197.44595337     8.33049965  316.786957   70.707054   0.155  0.0  0.0  0.0  0.0  none
B1307+4617   197.54875183    46.02333450  113.021309   70.742416   2.129  0.0  0.0  0.0  0.0  none
B1309+3531   198.07374573    35.25583267   95.490868   80.733002   0.184  0.0  0.0  0.0  0.0  none
B1311+0217   198.61041260     2.02063894  316.280518   64.294495   0.306  0.0  0.0  0.0  0.0  none
B1317-0142   199.95957947    -1.96794450  317.284241   60.109962   0.225  0.0  0.0  0.0  0.0  none
B1317+2743   199.98458862    27.46899986   37.643089   83.660194   1.022  0.0  0.0  0.0  0.0  none
B1317+5203   199.94262695    51.80169296  112.632080   64.756386   1.055  0.0  0.0  0.0  0.0  none
B1318+2903   200.31582642    28.78888893   48.813190   83.209244   0.549  0.0  0.0  0.0  0.0  none
B1318+2903a   200.31124878    28.79694366   48.887054   83.211441   1.703  0.0  0.0  0.0  0.0  none
B1320+2925   200.83541870    29.16861153   50.968586   82.679352   0.960   0.872  17.34  0.04  0.04  R1
B1321+0552   201.08291626     5.61805534  324.397583   67.108757   0.205  0.0  0.0  0.0  0.0  none
B1322+6557   200.95625305    65.69666290  117.635742   51.097397   0.168  0.0  0.0  0.0  0.0  none
B1323+6530   201.37374878    65.25360870  117.218819   51.495354   1.618   1.609  17.82  0.0  0.0  Prox
B1327-2040   202.53208923   -20.93805504  314.938202   41.029930   1.169  0.0  0.0  0.0  0.0  none
B1328+3045   202.78454590    30.50911140   56.523544   80.674751   0.849  0.0  0.0  0.0  0.0  none
B1329+4117   202.92124939    41.03305435   94.713783   73.816025   1.930   1.841  16.78  0.04  0.03  PLLS
B1329+4117   202.92124939    41.03305435   94.713783   73.816025   1.930   1.602  17.21  0.02  0.02  MgII
B1329+4117   202.92124939    41.03305435   94.713783   73.816025   1.930   1.283  17.64  0.0  0.0  MgII
B1333+1740   204.00833130    17.42027855  351.924194   75.848946   0.554  0.0  0.0  0.0  0.0  none
B1334-0033   204.19638062    -0.81602782  327.279266   61.525349   2.783   2.201  17.12  0.01  0.02  PLLS
B1334+2438   204.32791138    24.38416672   20.601524   79.317451   0.108  0.0  0.0  0.0  0.0  none
B1338+4138   205.25320435    41.38724899   90.586967   72.483864   1.219  0.0  0.0  0.0  0.0  none
B1340-0038   205.71492004    -0.89611107  330.255432   61.010086   0.326  0.0  0.0  0.0  0.0  none
B1340+6036   205.55516052    60.36188889  111.824310   55.657883   0.961  0.0  0.0  0.0  0.0  none
B1346+2637   207.20124817    26.37222290   32.811844   77.177849   0.598  0.0  0.0  0.0  0.0  none
B1351+3153   208.52246094    31.65066719   55.019096   75.639427   1.326  0.0  0.0  0.0  0.0  none
B1351+6400   208.31608582    63.76266479  111.893951   52.020462   0.088  0.0  0.0  0.0  0.0  none
B1352+0106   208.74458313     0.86944437  335.710205   59.634933   1.117  0.0  0.0  0.0  0.0  none
B1352+1819   208.64874268    18.08805466    4.374135   72.873657   0.152  0.0  0.0  0.0  0.0  none
B1354+1933   209.26875305    19.31850052    8.991962   73.041283   0.719  0.0  0.0  0.0  0.0  none
B1355-4138   209.75074768   -41.88152695  316.177887   19.245831   0.313  0.0  0.0  0.0  0.0  none
B1356+5806   209.57333374    57.86788940  106.581383   57.087593   1.375  0.0  0.0  0.0  0.0  none
B1401+0952   211.04417419     9.62930584  350.808990   65.491348   0.441  0.0  0.0  0.0  0.0  none
B1402+2609   211.31750488    25.92600060   32.954720   73.456398   0.164  0.0  0.0  0.0  0.0  none
B1404+2238   211.59124756    22.39638901   21.477098   72.365257   0.098  0.0  0.0  0.0  0.0  none
B1407+2632   212.34950256    26.30588913   34.668503   72.588799   0.944  0.0  0.0  0.0  0.0  none
B1415+4343   214.25579834    43.50136185   81.957253   66.199326   0.002  0.0  0.0  0.0  0.0  none
B1415+4509   214.25378418    44.93500137   84.722809   65.323608   0.114  0.0  0.0  0.0  0.0  none
B1416-1256   214.76625061   -13.17916679  333.508423   44.428047   0.129  0.0  0.0  0.0  0.0  none
B1416+0642   214.78416443     6.47611094  352.159851   60.666359   1.436  0.0  0.0  0.0  0.0  none
B1424-1150   216.90875244   -12.06386089  336.825012   44.385502   0.806  0.0  0.0  0.0  0.0  none
B1425+2003   216.85437012    19.83119392   19.700201   66.860542   0.111  0.0  0.0  0.0  0.0  none
B1425+2645   216.89874268    26.53750038   36.867096   68.573700   0.366  0.0  0.0  0.0  0.0  none
B1427+4800   217.42958069    47.79055405   86.653435   61.828297   0.221  0.0  0.0  0.0  0.0  none
B1435-0134   219.45124817    -1.78638887  348.718292   51.374493   1.310  0.0  0.0  0.0  0.0  none
B1435+6349   219.19070435    63.61058426  105.174088   49.729324   2.068   1.938  17.48  0.01  0.02  R1
B1435+6349   219.19070435    63.61058426  105.174088   49.729324   2.068   1.925  17.68  0.0  0.0  LQ
B1440+3539   220.53108215    35.43969345   59.237434   65.034767   0.077  0.0  0.0  0.0  0.0  none
B1444+4047   221.69128418    40.58530426   69.898613   62.718037   0.267  0.0  0.0  0.0  0.0  none
B1451-3735   223.61399841   -37.79283524  328.227142   18.963097   0.314  0.0  0.0  0.0  0.0  none
B1503+6907   226.05291748    68.93694305  107.089951   43.882748   0.318  0.0  0.0  0.0  0.0  none
B1512+3701   228.68133545    36.84749985   59.854698   58.312832   0.371  0.0  0.0  0.0  0.0  none
B1517+2356   229.83108521    23.76758385   35.562073   56.564995   1.903   1.887  16.93  0.02  0.02  PLLS
B1517+2356   229.83108521    23.76758385   35.562073   56.564995   1.903   1.725  17.49  0.02  0.01  R1
B1517+2357   229.80578613    23.78177834   35.577145   56.590847   1.834  0.0  0.0  0.0  0.0  none
B1521+1009   358.85665894   -33.96549988  359.939575  -76.156693   1.324  0.0  0.0  0.0  0.0  none
B1538+4745   234.89495850    47.59210968   76.445389   51.488045   0.770  0.0  0.0  0.0  0.0  none
B1542+5408   235.99749756    53.98416519   85.445076   48.650887   2.371  0.0  0.0  0.0  0.0  none
B1544+4855   236.37641907    48.76885986   77.776482   50.201931   0.400  0.0  0.0  0.0  0.0  none
B1545+2101   236.93138123    20.87122154   33.898064   49.457527   0.264  0.0  0.0  0.0  0.0  none
B1555+3313   239.37478638    33.07963943   53.060940   49.646400   0.942  0.0  0.0  0.0  0.0  none
B1611+3420   243.42124939    34.21333313   55.151035   46.378723   1.401  0.0  0.0  0.0  0.0  none
B1612+2611   243.55513000    26.07116699   43.660225   44.974457   0.131  0.0  0.0  0.0  0.0  none
B1618+1743   245.09083557    17.60666656   33.160576   41.108562   0.555  0.0  0.0  0.0  0.0  none
B1622+2352   246.16282654    23.75336075   41.386299   42.102280   0.927   0.891  17.55  0.0  0.0  MgII
B1623+2653   246.45375061    26.78305626   45.444115   42.610806   2.526  0.0  0.0  0.0  0.0  none
B1626+5529   246.98374939    55.37527847   84.514664   42.188839   0.133  0.0  0.0  0.0  0.0  none
B1630+3744   248.00457764    37.63039017   60.341778   42.939522   1.478   1.096  16.66  0.05  0.06  PLLS,IUE
B1631+3930   248.25874329    39.40755463   62.778881   42.840488   1.023  0.0  0.0  0.0  0.0  none
B1634+7037   248.62104797    70.52574921  102.841858   36.643814   1.337  0.0  0.0  0.0  0.0  none
B1637+5726   249.55607605    57.33997345   86.638870   40.360920   0.745  0.0  0.0  0.0  0.0  none
B1641+3954   250.74491882    39.81024933   63.454884   40.949078   0.595  0.0  0.0  0.0  0.0  none
B1656+0519   254.63941956     5.25458336   24.299641   27.440783   0.887  0.0  0.0  0.0  0.0  none
B1700+6416   255.25199890    64.20246887   94.400215   36.159019   2.722  0.0  0.0  0.0  0.0  none
B1704+6048   256.17208862    60.74166489   90.084007   36.382515   0.371  0.0  0.0  0.0  0.0  none
B1715+5331   259.14749146    53.47116852   80.967232   35.411346   1.940   1.633  17.01  0.02  0.02  PLLS
B1717+4901   259.81054688    48.98044586   75.479279   34.940536   0.025  0.0  0.0  0.0  0.0  none
B1718+4807   259.90957642    48.07005692   74.374908   34.829037   1.084  0.0  0.0  0.0  0.0  none
B1803+7827   270.19042969    78.46780396  110.037628   29.065126   0.680  0.0  0.0  0.0  0.0  none
B1821+1042   276.01208496    10.74027824   39.507347   10.907743   1.360   1.252  17.71  0.0  0.0  MgII
B1821+6419   275.49749756    64.35208130   94.012672   27.414209   0.297  0.0  0.0  0.0  0.0  none
B1845+7943   280.53665161    79.77138519  111.437866   27.074244   0.056  0.0  0.0  0.0  0.0  none
B1928+7351   291.95208740    73.96722412  105.625969   23.541042   0.302  0.0  0.0  0.0  0.0  none
B2041-1054   311.04067993   -10.72347260   35.971142  -29.855204   0.035  0.0  0.0  0.0  0.0  none
B2112+0555   318.71905518     6.12847233   57.040192  -28.014442   0.398  0.0  0.0  0.0  0.0  none
B2128-1220   322.89758301   -12.11819458   40.538177  -40.956955   0.501  0.0  0.0  0.0  0.0  none
B2135-1446   324.43829346   -14.54883289   38.402225  -43.333588   0.200  0.0  0.0  0.0  0.0  none
B2141+1730   325.89816284    17.73030472   72.115585  -26.084259   0.213  0.0  0.0  0.0  0.0  none
B2145+0643   327.02291870     6.96083355   63.656208  -34.071579   0.999  0.0  0.0  0.0  0.0  none
B2155-3027   329.71667480   -30.22563934   17.730368  -52.245548   0.116  0.0  0.0  0.0  0.0  none
B2201+3131   330.81259155    31.76047134   85.956825  -18.778971   0.297  0.0  0.0  0.0  0.0  none
B2212-2959   333.81668091   -29.73999977   19.166750  -55.729000   2.703  0.0  0.0  0.0  0.0  none
B2216-0350   334.71701050    -3.59372211   59.043633  -46.648788   0.901  0.0  0.0  0.0  0.0  none
B2223-0512   336.44711304    -4.95038891   58.959820  -48.842857   1.404  0.0  0.0  0.0  0.0  none
B2230+1128   338.15188599    11.73075008   77.437988  -38.582542   1.037  0.0  0.0  0.0  0.0  none
B2243-1222   341.57583618   -12.11422253   53.867241  -57.071049   0.630  0.0  0.0  0.0  0.0  none
B2251-1750   343.52416992   -17.58194351   46.197289  -61.325180   0.068  0.0  0.0  0.0  0.0  none
B2251+1120   343.54348755    11.61080551   82.783356  -41.940365   0.323  0.0  0.0  0.0  0.0  none
B2251+1552   343.49084473    16.14816666   86.111221  -38.183865   0.859  0.0  0.0  0.0  0.0  none
B2300-6823   345.93124390   -68.12697601  316.976440  -45.953312   0.512  0.0  0.0  0.0  0.0  none
B2308+0951   347.82421875    10.13783360   86.450577  -45.522011   0.432  0.0  0.0  0.0  0.0  none
B2340-0339   355.73583984    -3.37402773   85.401993  -61.151417   0.896  0.0  0.0  0.0  0.0  none
B2344+0914   356.65374756     9.51277733   97.503380  -50.131050   0.672  0.0  0.0  0.0  0.0  none
B2347-4342   357.64248657   -43.43333435  336.034058  -69.573471   2.900  0.0  0.0  0.0  0.0  none
B2349-0125   357.98345947    -1.15380561   91.663902  -60.361839   0.174  0.0  0.0  0.0  0.0  none
B2352-3414   358.85665894   -33.96549988  359.939575  -76.156693   0.706  0.0  0.0  0.0  0.0  none
J0021+0043     5.38859987     0.71687001  107.253761  -61.241863   1.243   0.943  17.67  0.0  0.0  MgII
J0021+0104     5.36618996     1.07225001  107.384766  -60.891460   1.829   1.576  17.59  0.0  0.0  MgII
J0106+0105    16.51618004     1.08506000  130.628647  -61.567863   1.611   1.356  17.63  0.0  0.0  MgII
J0107-0019    16.90436935    -0.31997001  131.842911  -62.911404   0.738  0.0  0.0  0.0  0.0  none
J0110+0019    17.73723984     0.31977999  133.420273  -62.153942   0.806  0.0  0.0  0.0  0.0  none
J0116-0043    19.06469917    -0.72648001  136.672867  -62.934101   1.263   0.915  17.48  0.0  0.0  MgII
J0123-0058    20.76341057    -0.97205001  140.416138  -62.765587   1.550   1.412  17.65  0.0  0.0  MgII
J0126-0105    21.62647057    -1.08361995  142.289963  -62.629917   1.609   1.193  17.64  0.0  0.0  MgII
J0132+0116    23.14114952     1.26864004  143.792770  -59.926842   1.786  0.0  0.0  0.0  0.0  none
J0134+0051    23.52392960     0.85268003  144.788422  -60.196270   1.522   1.449  17.23  0.04  0.04  R1
J0134+0051    23.52392960     0.85268003  144.788422  -60.196270   1.522   1.274  17.46  0.0  0.0  LQ
J0138-0005    24.60623932    -0.09277000  147.516174  -60.701946   1.340   1.342  17.01  0.06  0.07  PLLS,Prox
J0139-0023    24.91110039    -0.39660999  148.329010  -60.868866   1.384   1.089  17.42  0.06  0.06  R1
J0152+0023    28.20702934     0.38744000  153.632996  -58.775875   0.589  0.0  0.0  0.0  0.0  none
J0153+0009    28.32542038     0.15323000  154.043564  -58.930061   0.837   0.773  -999  -999  -999  MgII,Blue
J0153+0052    28.28767014     0.88066000  153.343185  -58.299549   1.163   1.062  17.65  0.0  0.0  MgII
J0157-0048    29.39093971    -0.80673999  156.759338  -59.264355   1.545   1.417  17.78  0.0  0.0  MgII
J0253+0107    43.31859970     1.13327003  173.920898  -49.287567   1.036  0.0  0.0  0.0  0.0  none
J0256+0110    44.03020859     1.17719996  174.654190  -48.761337   1.346  0.0  0.0  0.0  0.0  none
J0953-0038   148.34828186    -0.63433999  238.474518   39.018787   1.382   1.016  17.56  0.0  0.0  R1,R2
J1001+5553   150.33641052    55.89863968  157.569702   48.187271   1.413  0.0  0.0  0.0  0.0  none
J1001+5553   150.33703613    55.89699936  157.571686   48.188293   1.413  0.0  0.0  0.0  0.0  none
J1007+0042   151.81446838     0.71612000  239.806854   42.599537   1.681  0.0  0.0  0.0  0.0  none
J1008-0018   152.15548706    -0.30978000  241.187103   42.238224   1.350   1.196  17.26  0.02  0.03  R1
J1009+0036   152.43809509     0.60922998  240.441559   43.027916   1.702   0.973  17.54  0.0  0.0  MgII
J1009-0026   152.37675476    -0.43864000  241.509552   42.331226   1.244   1.145  16.88  0.07  0.08  PLLS
J1009-0026   152.37675476    -0.43864000  241.509552   42.331226   1.244   1.118  16.72  0.08  0.11  PLLS
J1009-0026   152.37675476    -0.43864000  241.509552   42.331226   1.244   0.889  17.47  0.0  0.0  MgII
J1009-0026   152.37675476    -0.43864000  241.509552   42.331226   1.244   0.843  -999  -999  -999  MgII,Blue
J1010+0003   152.57566833     0.06427000  241.142975   42.799835   1.399   1.266  17.69  0.0  0.0  MgII
J1010-0047   152.63916016    -0.79010999  242.102417   42.315525   1.671   1.328  17.75  0.0  0.0  MgII
J1022+0101   155.74906921     1.02311003  242.888947   45.870762   1.563   1.560  17.52  0.03  0.02  Prox
J1022+0101   155.74906921     1.02311003  242.888947   45.870762   1.563   1.427  17.48  0.0  0.0  MgII
J1028-0100   157.15408325    -1.00774002  246.407333   45.607479   1.530  0.0  0.0  0.0  0.0  none
J1031-0036   157.95324707    -0.60091001  246.746094   46.472778   1.258  0.0  0.0  0.0  0.0  none
J1032+0003   158.16317749     0.06483000  246.230759   47.075035   1.190   1.105  17.63  0.0  0.0  MgII
J1037+0028   159.43496704     0.46902999  247.056168   48.288311   1.733   1.425  17.67  0.0  0.0  MgII
J1047-0047   161.88914490    -0.78363001  251.008255   49.182713   0.740  0.0  0.0  0.0  0.0  none
J1048+0032   162.21888733     0.54149997  249.921875   50.354221   1.649   1.194  17.62  0.0  0.0  R1,R2
J1054-0020   163.67062378    -0.34698001  252.533340   50.732426   1.021   0.952  17.41  0.0  0.0  MgII
J1107+0003   166.90272522     0.05795000  255.997131   53.194183   1.726  0.0  0.0  0.0  0.0  none
J1107+0048   166.87092590     0.80286002  255.137436   53.736389   1.391   1.082  17.22  0.02  0.03  MgII
J1109+0051   167.40150452     0.85289001  255.761734   54.122208   0.957  0.0  0.0  0.0  0.0  none
J1110+0048   167.72877502     0.81487000  256.229156   54.306126   0.761  0.0  0.0  0.0  0.0  none
J1112+0013   168.23382568     0.22869000  257.535461   54.179688   1.433   1.423  17.60  0.0  0.0  Prox
J1126+0034   171.51159668     0.57167000  261.731262   56.452843   1.783   1.793  17.74  0.0  0.0  Prox
J1220-0040   185.15429688    -0.67609000  286.761017   61.224186   1.411   0.976  17.49  0.0  0.0  MgII
J1224+0037   186.05955505     0.61886001  287.973206   62.697910   1.482   1.364  17.03  0.05  0.04  PLLS
J1224+0037   186.05955505     0.61886001  287.973206   62.697910   1.482   1.268  17.63  0.0  0.0  MgII
J1225+0035   186.48588562     0.59277999  288.893005   62.767483   1.226  0.0  0.0  0.0  0.0  none
J1225-0052   186.49351501    -0.87418002  289.568787   61.335079   0.964  0.0  0.0  0.0  0.0  none
J1226-0006   186.53358459    -0.10086000  289.312592   62.099865   1.118  0.0  0.0  0.0  0.0  none
J1323-0021   200.84893799    -0.36570999  319.839966   61.452438   1.388  0.0  0.0  0.0  0.0  none
J1341+0059   205.47598267     0.99675000  329.888153   61.199059   1.714   1.597  17.71  0.0  0.0  R1,R2
J1342-0035   205.69265747    -0.59562999  329.008972   59.651665   0.786  0.0  0.0  0.0  0.0  none
J1345-0023   206.44924927    -0.38995999  330.541107   59.535934   1.095  0.0  0.0  0.0  0.0  none
J1419-0036   214.83757019    -0.61496001  343.808777   55.121689   0.969   0.823  17.32  0.0  0.0  MgII
J1420-0054   215.21017456    -0.90750003  344.037750   54.666660   1.458   1.348  17.76  0.0  0.0  MgII
J1426+0051   216.71194458     0.86394000  347.986023   55.160629   1.333   0.844  17.31  0.0  0.0  MgII
J1431-0050   217.93226624    -0.83679998  347.780304   53.070881   1.188   0.858  17.38  0.0  0.0  LQ
J1436-0051   219.18751526    -0.86423999  349.347931   52.251057   1.273   1.264  17.20  0.02  0.03  PLLS
J1436-0051   219.18751526    -0.86423999  349.347931   52.251057   1.273   0.930  17.45  0.0  0.0  MgII
J1455-0045   223.78401184    -0.75233001  354.839050   49.237194   1.375   1.095  17.69  0.0  0.0  MgII
J1501+0019   225.34771729     0.32751000  357.686584   48.877132   1.930   1.486  17.74  0.0  0.0  MgII
J1521-0009   230.25822449    -0.15120000    1.955551   44.896328   1.318   0.961  17.48  0.0  0.0  MgII
J1525+0026   231.29415894     0.44242999    3.528881   44.478683   0.801   0.797  17.33  0.0  0.0  Prox
J1537+0021   234.30725098     0.35429999    5.999883   42.059853   1.754   1.647  17.73  0.0  0.0  MgII
J1702+6058   255.54666138    60.98055649   90.438972   36.644073   0.164  0.0  0.0  0.0  0.0  none
J1712+5559   258.18371582    55.99737930   84.101898   35.859741   1.358   1.209  17.68  0.0  0.0  MgII
J1714+5757   258.55587769    57.95309830   86.484344   35.511120   1.252  0.0  0.0  0.0  0.0  none
J1715+5747   258.91589355    57.78945160   86.265282   35.333435   0.697  0.0  0.0  0.0  0.0  none
J1716+5654   259.09887695    56.91257095   85.184822   35.296234   0.937  0.0  0.0  0.0  0.0  none
J1722+5442   260.65429688    54.70116043   82.449783   34.507149   1.215  0.0  0.0  0.0  0.0  none
J1727+5302   261.91226196    53.04150009   80.449608   33.756592   1.444   1.032  17.60  0.0  0.0  MgII
J1727+5302   261.91226196    53.04150009   80.449608   33.756592   1.444   0.948  -999  -999  -999  MgII,Blue
J1729+5758   262.49499512    57.97731018   86.375374   33.423771   1.342   1.130  16.74  0.05  0.05  PLLS
J1733+5533   263.34609985    55.55007172   83.472076   32.968868   1.072   1.000  17.72  0.0  0.0  MgII
J1736+5938   264.18438721    59.64437103   88.339195   32.512928   1.410   1.400  17.74  0.0  0.0  Prox
J1704+7057   256.10876465    70.95970154  102.314896   34.175209   2.015   1.810  17.62  0.02  0.02  R1,R2
J1704+7057   256.10876465    70.95970154  102.314896   34.175209   2.015   1.101  17.56  0.0  0.0  R2
J1031+5053   157.82696533    50.89347458  161.438446   54.439270   0.361  0.0  0.0  0.0  0.0  none
J1032+5051   158.06745911    50.85573578  161.370102   54.590534   0.174  0.0  0.0  0.0  0.0  none
J2328+0022   352.08480835     0.37696999   83.556702  -56.006863   1.308  0.0  0.0  0.0  0.0  none
J2331+0038   352.84085083     0.63507998   84.940880  -56.212921   1.486   1.143  17.78  0.0  0.0  MgII
J2334+0052   353.66659546     0.86671001   86.421005  -56.462646   1.040  0.0  0.0  0.0  0.0  none
J2339-0029   354.82427979    -0.49564999   86.915924  -58.230377   1.340   0.967  17.50  0.0  0.0  MgII
J2352-0028   358.22296143    -0.48091999   92.706467  -59.871609   1.624   1.245  17.62  0.0  0.0  MgII
J2353-0028   358.34005737    -0.47824001   92.917740  -59.921509   0.761  0.0  0.0  0.0  0.0  none
J1516+1900   229.22183228    19.01336098   27.103706   55.704945   0.078  0.0  0.0  0.0  0.0  none
J0958+3224   149.58746338    32.40065765  194.172379   52.322132   0.530  0.0  0.0  0.0  0.0  none
J1220+3343   185.14112854    33.72014618  166.307251   80.638840   1.532   1.502  17.47  0.03  0.03  R1
J1342+6021   205.55520630    60.36191559  111.824303   55.657848   0.961  0.0  0.0  0.0  0.0  none
J0232+3423    38.12075043    34.39627075  145.601746  -23.988531   0.078  0.0  0.0  0.0  0.0  none
J2006-0223   301.53549194    -2.39308071   39.484619  -17.684660   0.078  0.0  0.0  0.0  0.0  none
J1858+5645   284.61215210    56.76560211   86.861900   21.498995   1.595   1.235  17.76  0.0  0.0  MgII
J1026+6746   156.63571167    67.77017975  141.015396   43.925072   0.078  0.0  0.0  0.0  0.0  none
J0944+2554   146.17642212    25.91181374  203.600052   48.455418   2.910   2.235  17.67  0.0  0.0  R1,R2
J0944+2554   146.17642212    25.91181374  203.600052   48.455418   2.910   1.466  17.33  0.09  0.12  LQ
J1022+3041   155.62615967    30.68468285  197.672302   57.359726   1.318   0.435  16.82  0.07  0.10  PLLS
J1022+3041   155.62615967    30.68468285  197.672302   57.359726   1.318   0.346  17.58  0.06  0.06  DLA
J1200+3126   180.02578735    31.44172287  188.792007   78.014214   2.970  0.0  0.0  0.0  0.0  none
J0105-2736    16.39487457   -27.61622238  222.576614  -86.822891   0.848  0.0  0.0  0.0  0.0  none
J1649+3047   252.32920837    30.78833389   52.054626   38.447346   0.078  0.0  0.0  0.0  0.0  none
J1649+3046   252.37028503    30.78122139   52.054970   38.411343   1.123   1.078  17.73  0.0  0.0  R1,R2
J0452-1640    73.05928802   -16.67132187  215.565247  -33.677967   2.600   1.008  17.52  0.0  0.0  MgII
J0453-1305    73.30616760   -13.09884453  211.758484  -32.065590   2.300   2.068  17.83  0.0  0.0  R1,R2
J2233-6033   338.40695190   -60.55804062  328.158630  -49.273033   2.238   1.929  17.39  0.01  0.01  R1
J2233-6033   338.40695190   -60.55804062  328.158630  -49.273033   2.238   1.872  16.88  0.03  0.02  PLLS
J0018-3529     4.67262506   -35.48463821  340.801392  -79.111839   3.190  0.0  0.0  0.0  0.0  none
J0103-3009    15.97954178   -30.16288948  261.609985  -85.913109   3.150  0.0  0.0  0.0  0.0  none
J0109-2102    17.35470772   -21.04833412  157.895035  -82.666542   0.000  0.0  0.0  0.0  0.0  none
J0128-3029    22.10350037   -30.49489975  237.687408  -81.232452   0.475  0.0  0.0  0.0  0.0  none
J0145-3520    26.46087456   -35.34723663  251.579971  -75.782532   0.446  0.0  0.0  0.0  0.0  none
J0240-1851    40.13566589   -18.86423874  200.480392  -63.633537   0.631  0.0  0.0  0.0  0.0  none
J0244-2904    41.20462418   -29.08002853  224.089233  -64.980606   0.000  0.0  0.0  0.0  0.0  none
J0308-3250    47.09783173   -32.83616257  232.264328  -59.934467   0.247  0.0  0.0  0.0  0.0  none
J0311-6039    47.77866745   -60.65094376  277.593689  -49.036903   0.000  0.0  0.0  0.0  0.0  none
J0349-5344    57.36875153   -53.74657822  264.657318  -47.990547   0.130  0.0  0.0  0.0  0.0  none
J0355-5451    58.80558395   -54.86588669  265.756073  -46.806316   0.269  0.0  0.0  0.0  0.0  none
J0411-4956    62.75350189   -49.94899368  257.936829  -45.886726   0.817   0.785  17.30  0.0  0.0  R1
J0436-5258    69.21162415   -52.98015976  261.024536  -41.374619   1.231  0.0  0.0  0.0  0.0  none
J0438-2608    69.54254150   -26.14394951  225.505844  -39.773098   0.690  0.0  0.0  0.0  0.0  none
J0440-5248    70.04975128   -52.80508041  260.693237  -40.901249   1.053  0.0  0.0  0.0  0.0  none
J0443-2820    70.83650208   -28.34786987  228.635910  -39.186256   0.155  0.0  0.0  0.0  0.0  none
J0504-2944    76.07924652   -29.74419785  231.685013  -35.057308   0.552  0.0  0.0  0.0  0.0  none
J0509-3232    77.32375336   -32.54582596  235.305634  -34.660305   1.567  0.0  0.0  0.0  0.0  none
J0514-3326    78.54492950   -33.43958282  236.628784  -33.852894   1.569   1.138  17.77  0.0  0.0  R1,R2
J0514-3326    78.54492950   -33.43958282  236.628784  -33.852894   1.569   0.935  -999  -999  -999  Blue
J1009-1226   152.26091003   -12.43837261  252.749405   34.172157   0.693  0.0  0.0  0.0  0.0  none
J1104-1016   166.06958008   -10.26893330  264.513000   44.462921   0.186  0.0  0.0  0.0  0.0  none
J1108-0802   167.05262756    -8.04139709  263.861176   46.849598   0.340  0.0  0.0  0.0  0.0  none
J1129-1941   172.37692261   -19.68343544  277.788361   39.154926   0.918  0.0  0.0  0.0  0.0  none
J1314-3105   198.73678589   -31.09863853  308.834595   31.503508   0.000  0.0  0.0  0.0  0.0  none
J2218-6150   334.71267700   -61.84522247  328.271606  -47.078491   0.000  0.0  0.0  0.0  0.0  none
J2221-1857   335.41455078   -18.95199966   38.232544  -54.724365   0.000  0.0  0.0  0.0  0.0  none
J2252-5021   343.18307495   -50.36047363  339.065186  -57.612156   2.900  0.0  0.0  0.0  0.0  none
J2253-3658   343.29455566   -36.97102737    3.946700  -63.214470   3.200  0.0  0.0  0.0  0.0  none
J2255-5435   343.98928833   -54.59061050  332.455139  -55.408806   0.000  0.0  0.0  0.0  0.0  none
J2316-2849   349.06759644   -28.81672287   22.760201  -68.954796   0.000  0.0  0.0  0.0  0.0  none
J2316-3349   349.18011475   -33.82008362    8.950792  -68.581116   3.100  0.0  0.0  0.0  0.0  none
J2330-5506   352.50765991   -55.10654831  325.218323  -58.358055   0.494  0.0  0.0  0.0  0.0  none
J2350-4325   357.64266968   -43.43333435  336.033783  -69.573555   2.885  0.0  0.0  0.0  0.0  none
J2351-1427   357.87432861   -14.46577740   72.131081  -71.150696   2.933  0.0  0.0  0.0  0.0  none
J2358-5440   359.63934326   -54.67839050  318.660126  -60.805576   0.000  0.0  0.0  0.0  0.0  none
J0732+6159   113.07737732    61.98484039  154.657562   28.470785   0.325  0.0  0.0  0.0  0.0  none
J0801+5210   120.32395935    52.17642212  166.308762   31.599445   3.235  0.0  0.0  0.0  0.0  none
J0904+1309   136.09733582    13.15588856  215.800552   35.365932   0.000  0.0  0.0  0.0  0.0  none
J1014+4300   153.69638062    43.00858307  175.889465   54.650055   3.125  0.0  0.0  0.0  0.0  none
J1143+3452   175.78671265    34.87297058  180.806488   73.476280   3.130   0.556  17.85  0.0  0.0  R1,R2
J1203+1522   180.88020325    15.38208294  257.042358   73.815987   2.970  0.0  0.0  0.0  0.0  none
J1247+3126   191.80982971    31.44497299  134.652649   85.587463   2.960  0.0  0.0  0.0  0.0  none
J1333+2539   203.28921509    25.65502739   26.318188   80.544861   3.030  0.0  0.0  0.0  0.0  none
J1348+2818   207.04862976    28.30069351   41.549522   77.391510   2.941  0.0  0.0  0.0  0.0  none
J1439+2954   219.80108643    29.91361046   46.045643   66.219337   2.990  0.0  0.0  0.0  0.0  none
J1544+5912   236.08375549    59.20722198   92.399025   46.360851   0.807  0.0  0.0  0.0  0.0  none
J1701+6412   255.25254822    64.20275116   94.400490   36.158730   2.722   2.293  16.69  0.07  0.08  PLLS,IUE
J1701+6412   255.25254822    64.20275116   94.400490   36.158730   2.722   2.160  16.92  0.04  0.05  PLLS,IUE
J1701+6412   255.25254822    64.20275116   94.400490   36.158730   2.722   1.846  16.80  0.06  0.07  PLLS,IUE
J1701+6412   255.25254822    64.20275116   94.400490   36.158730   2.722   1.725  16.95  0.05  0.06  PLLS,IUE
J1939+7007   294.87252808    70.13040924  102.003258   21.461903   0.120  0.0  0.0  0.0  0.0  none
J1944+7705   296.22875977    77.09777832  109.230721   23.485928   3.051  0.0  0.0  0.0  0.0  none
J0804+6459   121.12625122    64.99802399  151.206543   32.083794   0.149  0.0  0.0  0.0  0.0  none
J1619+3813   244.94525146    38.22467041   61.005173   45.378670   1.124  0.0  0.0  0.0  0.0  none
J1631+4048   247.79721069    40.80141830   64.671074   43.233940   0.258  0.0  0.0  0.0  0.0  none
J0857+1855   134.36170959    18.92338943  208.448837   36.000359   1.892  0.0  0.0  0.0  0.0  none
J0021-0128     5.46583319    -1.47614169  106.243851  -63.385555   1.588  0.0  0.0  0.0  0.0  none
J0022-0128     5.52037477    -1.48001945  106.359375  -63.403194   1.040  0.0  0.0  0.0  0.0  none
J1423+3252   215.85882568    32.87252045   54.622795   69.318993   1.905   1.491  17.74  0.02  0.01  R1,R2
J1423+3252   215.85882568    32.87252045   54.622795   69.318993   1.905   1.176  17.52  0.0  0.0  R2
J0318-2012    49.60499954   -20.20541382  209.313477  -55.766506   2.869   2.090  17.65  0.0  0.0  R2
J1228+1018   187.15379333    10.31171131  284.117462   72.344536   2.305   0.939  17.04  0.0  0.0  MgII
J1557-2029   239.33833313   -20.48701096  351.211365   24.488558   1.947  0.0  0.0  0.0  0.0  none
J0827+1052   126.77712250    10.87328053  213.803909   26.126852   2.295  0.0  0.0  0.0  0.0  none
J0032-2144     8.18620872   -21.73948288   83.644905  -83.135689   0.806  0.0  0.0  0.0  0.0  none
J0109-2307    17.26233292   -23.12500763  168.765167  -84.351669   0.818   0.821  17.44  0.0  0.0  Prox
J0126-2222    21.56225014   -22.37596893  183.795197  -80.782349   0.717  0.0  0.0  0.0  0.0  none
J0137-2430    24.40962410   -24.51491737  201.392578  -79.284431   0.831  0.0  0.0  0.0  0.0  none
J0329-2357    52.47529221   -23.95254707  216.888657  -54.259361   0.895  0.0  0.0  0.0  0.0  none
J0416-2056    64.01808167   -20.94093704  216.942139  -43.178551   0.807  0.0  0.0  0.0  0.0  none
J0439-2422    69.78883362   -24.36900330  223.366104  -39.088413   0.840  0.0  0.0  0.0  0.0  none
J0452-2201    73.18653870   -22.02224731  221.715134  -35.409721   0.898  0.0  0.0  0.0  0.0  none
J1205-2634   181.38824463   -26.56770897  290.362030   35.181541   0.786  0.0  0.0  0.0  0.0  none
J1210-2758   182.68254089   -27.98308372  292.079895   34.029381   0.828  0.0  0.0  0.0  0.0  none
J1220-2113   185.09141541   -21.22099495  293.311157   41.069542   0.800  0.0  0.0  0.0  0.0  none
J1225-2938   186.25566101   -29.63884926  296.096039   32.882019   0.816  0.0  0.0  0.0  0.0  none
J1226-2630   186.66708374   -26.50031662  296.075256   36.041416   0.768  0.0  0.0  0.0  0.0  none
J1352-2649   208.04292297   -26.82456398  319.328094   34.106079   0.934  0.0  0.0  0.0  0.0  none
J1358-2352   209.63636780   -23.87261963  322.098053   36.488960   0.832  0.0  0.0  0.0  0.0  none
J1402-2822   210.50953674   -28.37374115  321.261597   31.972717   0.802  0.0  0.0  0.0  0.0  none
J2139-2454   324.80529785   -24.90413666   24.639503  -47.019848   0.940  0.0  0.0  0.0  0.0  none
J2159-2417   329.85400391   -24.29780579   27.209553  -51.335091   0.862  0.0  0.0  0.0  0.0  none
J2258-2758   344.52511597   -27.97254181   24.386766  -64.920570   0.927  0.0  0.0  0.0  0.0  none
J1438+6211   219.68658447    62.19844055  103.524323   50.694038   1.090  0.0  0.0  0.0  0.0  none
J1235+4736   188.87957764    47.60166168  130.537033   69.290955   4.447  0.0  0.0  0.0  0.0  none
J1322+4739   200.66387939    47.65776825  108.426903   68.581825   1.554   1.435  17.31  0.01  0.02  R1
J1322+4739   200.66387939    47.65776825  108.426903   68.581825   1.554   1.078  17.59  0.0  0.0  R1,R2
J1322+4739   200.71133423    47.66015244  108.346519   68.568970   1.554   1.435  17.31  0.01  0.02  R1
J1322+4739   200.71133423    47.66015244  108.346519   68.568970   1.554   1.078  17.59  0.0  0.0  R1,R2
J1728-1415   262.08248901   -14.26559734   10.392044   11.163580   0.184  0.0  0.0  0.0  0.0  none
J0949+2955   147.42124939    29.92188835  197.830658   50.237179   1.221  0.0  0.0  0.0  0.0  none
J1051-0051   162.96441650    -0.85504442  252.276489   49.878094   0.357  0.0  0.0  0.0  0.0  none
J1301+5902   195.30390930    59.03520966  120.555466   58.048046   0.472  0.0  0.0  0.0  0.0  none
J1438-0658   219.56729126    -6.97241688  343.978241   47.206200   0.129  0.0  0.0  0.0  0.0  none
J1554+0822   238.68583679     8.37277794   18.336956   42.840763   0.119  0.0  0.0  0.0  0.0  none
J2114+0607   318.71908569     6.12858868   57.040325  -28.014408   0.457  0.0  0.0  0.0  0.0  none
J2236+1343   339.03204346    13.73205566   79.898186  -37.586086   0.325  0.0  0.0  0.0  0.0  none
J2304+0311   346.18750000     3.19611120   78.455368  -50.230530   1.052  0.0  0.0  0.0  0.0  none
J0139+0619    24.98241615     6.32302523  144.025543  -54.550568   0.396  0.0  0.0  0.0  0.0  none
J2155-0922   328.75637817    -9.37344456   47.473450  -44.815105   0.192  0.0  0.0  0.0  0.0  none
J0253-5441    43.37162399   -54.69753647  272.492371  -54.610088   0.537  0.0  0.0  0.0  0.0  none
J0423-0120    65.81566620    -1.34279442  195.290298  -33.140175   0.915  0.0  0.0  0.0  0.0  none
J0441-4313    70.32199860   -43.22883987  247.979507  -41.382904   0.593  0.0  0.0  0.0  0.0  none
J0448+0950    72.09033203     9.84786415  188.642685  -21.752785   2.110  0.0  0.0  0.0  0.0  none
J1000+0005   150.07357788     0.08960000  239.065125   40.834156   0.905  0.0  0.0  0.0  0.0  none
J1007+1248   151.85874939    12.81555557  225.117859   49.120377   0.240  0.0  0.0  0.0  0.0  none
J1106-0052   166.63224792    -0.88153332  256.660034   52.302677   0.426  0.0  0.0  0.0  0.0  none
J1246-0730   191.51766968    -7.51298332  300.592590   55.334328   1.286  0.0  0.0  0.0  0.0  none
J1313-2716   198.44717407   -27.28030205  309.020721   35.327042   2.186   1.684  17.84  0.0  0.0  R1,R2
J1321+1106   200.32867432    11.11359978  328.049011   72.512184   2.181   1.849  17.62  0.0  0.0  R2
J1330-2056   202.53190613   -20.93795967  314.938019   41.030056   1.165  0.0  0.0  0.0  0.0  none
J1404-0130   211.19099426    -1.50613058  337.512451   56.361214   2.522   1.719  17.75  0.0  0.0  R1,R2
J1559-2442   239.92257690   -24.71083260  348.402863   21.107559   2.818  0.0  0.0  0.0  0.0  none
J1631+1156   247.93824768    11.93421364   27.849480   36.352757   1.792   0.902  17.38  0.0  0.0  MgII
J1742+1827   265.52899170    18.45587540   42.516392   23.317842   0.186  0.0  0.0  0.0  0.0  none
J1940-6907   295.10653687   -69.13222504  326.522125  -29.559191   3.152  0.0  0.0  0.0  0.0  none
J2151+2130   327.94094849    21.50374985   76.579506  -24.783825   1.534   1.004  17.47  0.0  0.0  MgII
J2151+2130   327.94094849    21.50374985   76.579506  -24.783825   1.534   0.915  -999  -999  -999  MgII,Blue
J2215-2944   333.81683350   -29.73989105   19.166965  -55.729137   2.706   1.954  17.45  0.02  0.01  R1
J2215-2944   333.81683350   -29.73989105   19.166965  -55.729137   2.706   1.900  16.85  0.07  0.09  PLLS
J2215-2944   333.81683350   -29.73989105   19.166965  -55.729137   2.706   1.610  16.99  0.06  0.06  PLLS
J0926+3055   141.65124512    30.91833305  195.324402   45.449478   4.190  0.0  0.0  0.0  0.0  none
J0950+5801   147.55828857    58.02722168  155.682693   45.913433   3.970  0.0  0.0  0.0  0.0  none
J1317+3531   199.42999268    35.52555466   90.834908   79.906181   4.360  0.0  0.0  0.0  0.0  none
J0038-3501     9.52308369   -35.02787399  321.974915  -81.601074   1.199  0.0  0.0  0.0  0.0  none
J0038-3504     9.57270813   -35.06815720  321.618103  -81.577644   1.519   1.517  17.14  0.02  0.02  PLLS,Prox
J0038-3504     9.57270813   -35.06815720  321.618103  -81.577644   1.519   1.114  16.55  0.14  0.20  PLLS
J0039-3528     9.92737484   -35.46680069  318.909424  -81.294540   0.836   0.838  17.47  0.0  0.0  Prox
J0039-3529     9.90533352   -35.48808289  318.979980  -81.268837   1.095  0.0  0.0  0.0  0.0  none
J0043-2622    10.92804146   -26.36921310   56.248425  -88.115608   3.053   1.880  17.34  0.05  0.05  R1
J0043-2622    10.92804146   -26.36921310   56.248425  -88.115608   3.053   1.384  17.43  0.0  0.0  LQ
J0256-3315    44.19933319   -33.25726318  233.407394  -62.337769   1.863  0.0  0.0  0.0  0.0  none
J0304-0008    46.20758438    -0.13711110  178.364044  -48.119324   3.290   2.112  17.10  0.05  0.05  PLLS
J0304-0008    46.20758438    -0.13711110  178.364044  -48.119324   3.290   1.985  17.06  0.06  0.07  PLLS
J0739+8146   114.76412201    81.76712799  132.108612   28.527224   1.024  0.0  0.0  0.0  0.0  none
J1214+1429   183.66778564    14.48336124  266.978760   74.726723   1.626  0.0  0.0  0.0  0.0  none
J1238+1750   189.58416748    17.84413910  284.226105   80.236572   0.449  0.0  0.0  0.0  0.0  none
J1242+0012   190.51107788     0.20791671  297.756134   62.985157   1.213  0.0  0.0  0.0  0.0  none
J1249-0559   192.30766296    -5.98868322  301.927460   56.878704   2.226  0.0  0.0  0.0  0.0  none
J2115-4323   318.77865601   -43.38641739  357.616943  -43.840656   1.708  0.0  0.0  0.0  0.0  none
J2120-4426   320.04837036   -44.44802856  356.066589  -44.695686   1.480  0.0  0.0  0.0  0.0  none
J2211-1705   332.81423950   -17.09051132   39.619278  -51.742607   1.210  0.0  0.0  0.0  0.0  none
J0001+0709     0.41908330     7.16517210  101.793045  -53.651707   3.234  0.0  0.0  0.0  0.0  none
J0051+0041    12.87695789     0.69715559  122.969292  -62.174538   1.188  0.0  0.0  0.0  0.0  none
J0102-0853    15.70670795    -8.89555836  131.861786  -71.569542   1.682   1.185  17.60  0.0  0.0  R1,R2
J0141-0024    25.34587479    -0.40602219  149.157745  -60.709061   2.611   2.215  17.67  0.0  0.0  R1,R2
J0208-0503    32.01245880    -5.05000257  165.910629  -61.353951   1.850   1.072  17.46  0.0  0.0  DLA
J0210-0152    32.66600037    -1.87042499  163.204132  -58.405247   2.370   2.381  17.31  0.12  0.15  LQ,Prox
J0210-0152    32.66600037    -1.87042499  163.204132  -58.405247   2.370   2.147  17.42  0.0  0.0  LQ
J0744+3208   116.07233429    32.13472366  187.890778   24.506952   1.051  0.0  0.0  0.0  0.0  none
J0806+5041   121.58525085    50.69018173  168.128738   32.263828   2.432   1.814  17.10  0.03  0.02  PLLS
J0806+5041   121.58525085    50.69018173  168.128738   32.263828   2.432   1.677  17.04  0.03  0.04  PLLS
J0806+5041   121.58525085    50.69018173  168.128738   32.263828   2.432   1.322  17.06  0.05  0.07  PLLS
J0806+5041   121.58525085    50.69018173  168.128738   32.263828   2.432   1.065  16.90  0.15  0.21  PLLS
J0948+4323   147.14967346    43.38389206  176.792542   49.895824   1.892   1.235  17.68  0.0  0.0  DLA
J1001+5610   150.42750549    56.17889023  157.158203   48.111420   3.216  0.0  0.0  0.0  0.0  none
J1013+5615   153.40124512    56.26026917  155.883682   49.538353   3.614  0.0  0.0  0.0  0.0  none
J1017+5356   154.42803955    53.94316483  158.625809   51.167454   1.400   1.307  17.69  0.0  0.0  DLA
J1103+3715   165.95712280    37.25708389  182.078705   65.196945   1.295   1.246  17.53  0.0  0.0  R1,R2
J1108+3133   167.00541687    31.55899429  195.574799   67.088249   2.244   2.106  17.38  0.02  0.02  R1
J1108+3133   167.00541687    31.55899429  195.574799   67.088249   2.244   1.200  17.52  0.0  0.0  R1,R2
J1110+3019   167.66770935    30.31943130  198.712997   67.725563   1.521   1.030  17.41  0.0  0.0  DLA
J1137+3907   174.28967285    39.12321854  170.450378   70.427643   1.027  0.0  0.0  0.0  0.0  none
J1431+3952   217.83558655    39.87819672   70.960243   65.709763   1.215  0.0  0.0  0.0  0.0  none
J1436+4952   219.19845581    49.88216782   88.515442   59.614365   1.550  0.0  0.0  0.0  0.0  none
J1502-4154   225.73004150   -41.90827942  327.599762   14.579988   1.026  0.0  0.0  0.0  0.0  none
J1503-4152   225.89137268   -41.87324905  327.725311   14.550250   0.335  0.0  0.0  0.0  0.0  none
J1527+2452   231.75733948    24.88044930   38.197460   55.105526   0.993  0.0  0.0  0.0  0.0  none
J1537+3358   234.37925720    33.97720718   54.227028   53.844410   1.025   0.915  17.68  0.0  0.0  DLA
J1614+4704   243.64440918    47.07230759   73.721443   45.816101   1.860   1.867  16.87  0.04  0.03  Prox,PLLS
J1614+4704   243.64440918    47.07230759   73.721443   45.816101   1.860   1.735  16.93  0.04  0.04  PLLS
J1614+4704   243.64440918    47.07230759   73.721443   45.816101   1.860   1.411  17.80  0.0  0.0  R1,R2
J1637+2509   249.48016357    25.15849495   44.250137   39.572441   1.110   0.894  17.39  0.0  0.0  DLA
J1706+3615   256.64212036    36.25233459   59.630402   35.923916   0.918  0.0  0.0  0.0  0.0  none
J1715+4606   258.88534546    46.11116409   71.931656   35.402958   0.000  0.0  0.0  0.0  0.0  none
J2144-0754   326.13632202    -7.91190290   47.477394  -41.841000   1.811   1.802  17.75  0.0  0.0  Prox
J1508+6717   227.16838074    67.29653168  105.084274   44.780254   0.716  0.0  0.0  0.0  0.0  none
J0439-5311    69.91108704   -53.19222260  261.216217  -40.926708   0.243  0.0  0.0  0.0  0.0  none
J1636+7205   249.06307983    72.08686829  104.542366   35.884037   0.078  0.0  0.0  0.0  0.0  none
J1729+7032   262.29766846    70.54965973  101.292282   32.279453   0.078  0.0  0.0  0.0  0.0  none
J2154-4414   328.71316528   -44.23495865  355.179230  -50.864773   0.078  0.0  0.0  0.0  0.0  none
J0100-5113    15.11295795   -51.23172379  299.483704  -65.836113   0.062  0.0  0.0  0.0  0.0  none
J0439-4540    69.93670654   -45.67836761  251.255646  -41.620136   0.224  0.0  0.0  0.0  0.0  none
J1119+6004   169.80979919    60.08245468  142.088730   53.481979   2.638  0.0  0.0  0.0  0.0  none
J1125+5910   171.47457886    59.17250061  141.803223   54.710133   0.852   0.558  16.72  0.06  0.06  PLLS
J0950+5846   147.54690552    58.78269958  154.704575   45.589432   0.151  0.0  0.0  0.0  0.0  none
J0122+1339    20.63299942    13.66136074  134.376572  -48.518147   3.064  0.0  0.0  0.0  0.0  none
J0157-0106    29.42317963    -1.10821939  157.108932  -59.509789   3.562  0.0  0.0  0.0  0.0  none
J0749+4152   117.36627960    41.87844086  177.701080   28.059317   3.105  0.0  0.0  0.0  0.0  none
J0753+4231   118.26392365    42.52521133  177.139496   28.844601   3.590  0.0  0.0  0.0  0.0  none
J0800+3051   120.09591675    30.85034943  190.387283   27.402092   4.666  0.0  0.0  0.0  0.0  none
J0800+4435   120.02635193    44.59878922  175.060867   30.477993   2.505  0.0  0.0  0.0  0.0  none
J0814+5029   123.64660645    50.49626160  168.465012   33.556194   3.884  0.0  0.0  0.0  0.0  none
J0825+5127   126.39663696    51.45177841  167.373749   35.317135   3.511  0.0  0.0  0.0  0.0  none
J0839+5256   129.96813965    52.94007874  165.453064   37.465477   1.545   0.328  17.29  0.09  0.11  R1
J0915+4426   138.79478455    44.44887161  176.145325   43.802715   3.945  0.0  0.0  0.0  0.0  none
J0955+5940   148.79721069    59.67519379  153.153473   45.765980   4.340  0.0  0.0  0.0  0.0  none
J1008-0223   152.14474487    -2.38402772  243.330383   40.921890   0.000  0.0  0.0  0.0  0.0  none
J1026+6136   156.57958984    61.60802841  147.760269   47.926529   3.849  0.0  0.0  0.0  0.0  none
J1040+5145   160.24041748    51.75162888  158.821915   55.302109   4.045  0.0  0.0  0.0  0.0  none
J1057-0139   164.30520630    -1.65386105  254.654877   50.196796   0.000  0.0  0.0  0.0  0.0  none
J1232+5252   188.16371155    52.88082886  129.405365   64.010841   4.294  0.0  0.0  0.0  0.0  none
J1304-0037   196.10000610    -0.63252783  309.861786   62.064625   3.035  0.0  0.0  0.0  0.0  none
J1503+6105   225.78688049    61.09769058   99.078079   49.485245   3.683  0.0  0.0  0.0  0.0  none
J1614+4859   243.61170959    48.99964142   76.448082   45.524273   3.800  0.0  0.0  0.0  0.0  none
J1710+5923   257.56048584    59.39068985   88.309708   35.881119   4.470  0.0  0.0  0.0  0.0  none
J1711+6052   257.89340210    60.87791061   90.101784   35.532162   3.835  0.0  0.0  0.0  0.0  none
J1715+6453   258.87707520    64.88867950   94.866005   34.499832   3.960  0.0  0.0  0.0  0.0  none
J1717+5500   259.47116089    55.01332855   82.849777   35.180553   0.211  0.0  0.0  0.0  0.0  none
J2346-0016   356.60696411    -0.26679999   90.092323  -58.929775   3.505  0.0  0.0  0.0  0.0  none
J1201+0111   180.37654114     1.19407499  276.064545   61.433426   0.078  0.0  0.0  0.0  0.0  none
J1209+0232   182.43675232     2.53686118  279.072601   63.460617   0.078  0.0  0.0  0.0  0.0  none
J1504+0122   226.20904541     1.37096941  359.742371   48.949661   0.078  0.0  0.0  0.0  0.0  none
J1505+0342   226.48567200     3.70730829    2.753934   50.264008   0.078  0.0  0.0  0.0  0.0  none
J1510+0058   227.60388184     0.97888893    0.689981   47.645393   0.078  0.0  0.0  0.0  0.0  none
J1110+4831   167.66079712    48.52125168  158.558731   61.045540   2.960  0.0  0.0  0.0  0.0  none
J2051+1950   312.80267334    19.83527565   65.271690  -15.256994   2.367   1.747  17.67  0.0  0.0  R2
J0912+2450   138.07403564    24.84380531  202.588196   41.093475   0.654   0.376  16.90  0.04  0.04  PLLS
J0012-0122     3.04533339    -1.36881673  101.218781  -62.573902   1.998   1.727  17.44  0.01  0.02  R1
J0012-0122     3.04533339    -1.36881673  101.218781  -62.573902   1.998   1.387  17.57  0.0  0.0  MgII
J0241-1514    40.48541641   -15.24501133  193.735519  -61.723957   2.786   2.198  17.36  0.09  0.10  LQ
J0241-1514    40.48541641   -15.24501133  193.735519  -61.723957   2.786   1.839  17.52  0.0  0.0  LQ
J0354-2724    58.52320862   -27.40559769  224.219803  -49.646351   2.823   1.858  17.60  0.0  0.0  R2
J2153-1514   328.32974243   -15.23669720   39.653397  -47.053738   0.078  0.0  0.0  0.0  0.0  none
J1001+5553   150.33641052    55.89863968  157.569702   48.187271   2.193  0.0  0.0  0.0  0.0  none
J1001+5553   150.33703613    55.89699936  157.571686   48.188293   2.193  0.0  0.0  0.0  0.0  none
J1211+1030   182.91925049    10.50069427  271.655884   70.917381   2.193  0.0  0.0  0.0  0.0  none
J1625+2646   246.45378113    26.78298759   45.444031   42.610767   2.193  0.0  0.0  0.0  0.0  none
J1902+3159   285.73367310    31.99490356   63.028862   11.756629   2.193  0.0  0.0  0.0  0.0  none
J0845+1328   131.44696045    13.48289204  213.245346   31.361620   2.193  0.0  0.0  0.0  0.0  none
J1052+6125   163.13687134    61.42237854  144.759354   50.367126   2.193  0.0  0.0  0.0  0.0  none
J0144+3411    26.04908371    34.19895172  135.206146  -27.412107   1.450   1.243  17.46  0.02  0.01  MgII
J0830+2410   127.71708679    24.18317986  200.021759   31.876074   2.193  0.0  0.0  0.0  0.0  none
J1151+3825   177.87203979    38.43140030  167.155289   73.114700   1.304   0.548  17.43  0.03  0.03  MgII
J1513+1011   228.37220764    10.18496418   12.945056   52.528225   1.546   1.042  17.77  0.0  0.0  R1,R2
J1001+5454   150.37384033    54.91059113  158.904419   48.625050   2.193  0.0  0.0  0.0  0.0  none
J0741+3111   115.29450226    31.19993019  188.637787   23.586769   2.193  0.0  0.0  0.0  0.0  none
J1716+5328   259.14712524    53.47090912   80.966919   35.411583   2.193  0.0  0.0  0.0  0.0  none
J0111+1753    17.95746994    17.89742470  129.764603  -44.703541   2.193  0.0  0.0  0.0  0.0  none
J0231+1322    37.94129181    13.38179684  157.091583  -42.738007   2.193  0.0  0.0  0.0  0.0  none
J0954+1743   148.73687744    17.72530365  216.455261   48.363594   2.193  0.0  0.0  0.0  0.0  none
J1130-1449   172.52925110   -14.82433319  275.280701   43.638184   2.193  0.0  0.0  0.0  0.0  none
J1150-0023   177.68275452    -0.39863890  272.534760   58.843132   1.980   1.446  17.18  0.02  0.03  PLLS
J1601+1714   240.33479309    17.23770905   30.440619   45.206947   1.952   1.581  17.48  0.06  0.07  R1
J0251+4315    42.89412689    43.25436020  145.040680  -14.400474   2.193  0.0  0.0  0.0  0.0  none
J1038-2752   159.53514099   -27.87722015  270.110870   26.368521   2.193  0.0  0.0  0.0  0.0  none
J0027+2241     6.81416655    22.69958305  115.663536  -39.830559   1.108  0.0  0.0  0.0  0.0  none
J0047+0319    11.77458286     3.33191681  120.796158  -59.521778   0.624  0.0  0.0  0.0  0.0  none
J0853+4349   133.39250183    43.81694412  177.083832   39.937546   0.513  0.0  0.0  0.0  0.0  none
J0919+5106   139.99041748    51.10277939  166.854126   43.806290   0.553  0.0  0.0  0.0  0.0  none
J1024+1912   156.18708801    19.20544434  218.260834   55.497120   0.828   0.530  17.55  0.0  0.0  R2
J1042+1203   160.68583679    12.05869484  233.124390   56.300419   1.028   0.661  16.96  0.09  0.11  PLLS
J1058+1951   164.57458496    19.86416626  222.514709   63.129929   1.110   1.037  17.55  0.03  0.02  R1,R2
J1139-1350   174.79458618   -13.84530544  277.525085   45.431767   0.554  0.0  0.0  0.0  0.0  none
J1208+4540   182.24166870    45.67666626  144.629227   69.620850   1.158   0.928  17.10  0.03  0.04  PLLS
J1218+1105   184.60874939    11.08480549  275.536285   72.178017   1.403   1.266  17.02  0.04  0.04  PLLS
J1218+1105   184.60874939    11.08480549  275.536285   72.178017   0.000   1.110  17.07  0.05  0.04  PLLS
J1254+1141   193.65916443    11.68502808  305.870453   74.538437   0.870  0.0  0.0  0.0  0.0  none
J1319+2728   199.98458862    27.46899986   37.643089   83.660202   1.014   0.661  17.69  0.04  0.04  R1,R2
J1336+1725   204.00833130    17.42027855  351.924194   75.848946   0.554  0.0  0.0  0.0  0.0  none
J1341+4123   205.25332642    41.38724899   90.586723   72.483803   1.204   1.063  16.97  0.03  0.04  PLLS
J1357+1919   209.26875305    19.31850052    8.991961   73.041290   0.719  0.0  0.0  0.0  0.0  none
J1409+2618   212.34948730    26.30589104   34.668503   72.588814   0.945  0.0  0.0  0.0  0.0  none
J1418+1703   214.51541138    17.05691719   10.713522   67.598457   0.821  0.0  0.0  0.0  0.0  none
J1427-1203   216.90875244   -12.06386089  336.825012   44.385506   0.805   0.652  17.64  0.0  0.0  R2
J1620+1736   245.09083557    17.60666656   33.160572   41.108574   0.555  0.0  0.0  0.0  0.0  none
J1658+0515   254.63958740     5.25458336   24.299723   27.440643   0.879  0.0  0.0  0.0  0.0  none
J2253+1608   343.49084473    16.14816666   86.111214  -38.183865   0.859  0.0  0.0  0.0  0.0  none
J2303-6807   345.93124390   -68.12697601  316.976440  -45.953312   0.516  0.0  0.0  0.0  0.0  none
J2355-3357   358.85665894   -33.96549988  359.939575  -76.156685   0.702  0.0  0.0  0.0  0.0  none
J1041+0610   160.32167053     6.17127800  241.114059   52.651760   1.265  0.0  0.0  0.0  0.0  none
J1354+0052   208.74458313     0.86944437  335.710205   59.634933   1.121   0.666  17.77  0.0  0.0  R1,R2
J1336-0048   204.19638062    -0.81603891  326.081512   60.001656   2.801  0.0  0.0  0.0  0.0  none
J0120+2133    20.07187462    21.56286049  131.806320  -40.811157   1.500   1.327  17.40  0.02  0.01  R1
J0120+2133    20.07187462    21.56286049  131.806320  -40.811157   1.500   1.050  17.62  0.05  0.05  R2
J0148+3854    27.10166740    38.90111160  134.904892  -22.642424   1.442   1.215  17.62  0.0  0.0  R2
J0256-0126    44.06883240    -1.44372225  177.581787  -50.573078   0.879   0.814  17.74  0.0  0.0  R1,R2
J0448-2044    72.24504089   -20.74602699  219.881577  -35.828926   1.896  0.0  0.0  0.0  0.0  none
J0449-3911    72.42624664   -39.18583298  242.768005  -39.607883   1.288  0.0  0.0  0.0  0.0  none
J0336-3607    54.03866577   -36.12591553  237.887955  -54.084850   1.093   0.871  17.53  0.0  0.0  R2
J0152-2001    28.11371231   -20.01869202  189.201431  -74.333473   2.147  0.0  0.0  0.0  0.0  none
J0235-0402    38.78025055    -4.03494453  174.462021  -56.155857   1.438  0.0  0.0  0.0  0.0  none
J0357-4812    59.34125137   -48.20416641  256.156860  -48.450813   1.016  0.0  0.0  0.0  0.0  none
J1003+6813   150.77833557    68.22152710  142.464523   41.952549   0.773  0.0  0.0  0.0  0.0  none
J1010+4132   152.61457825    41.54419327  178.640427   54.178139   0.613  0.0  0.0  0.0  0.0  none
J1107+1628   166.81250000    16.46733284  231.393768   63.644192   0.632  0.0  0.0  0.0  0.0  none
J1539+4735   234.89497375    47.59211731   76.445389   51.488033   0.772   0.730  17.29  0.03  0.04  R1
J2246-1206   341.57583618   -12.11422253   53.867233  -57.071041   0.630  0.0  0.0  0.0  0.0  none
J2346+0930   356.65374756     9.51277733   97.503380  -50.131050   0.673  0.0  0.0  0.0  0.0  none
J1331+3030   202.78456116    30.50912857   56.523628   80.674744   0.846  0.0  0.0  0.0  0.0  none
J1232-0224   188.00036621    -2.40210176  293.157013   60.100182   1.045   0.832  17.30  0.03  0.03  21cm
J1232-0224   188.00036621    -2.40210176  293.157013   60.100182   1.045   0.772  16.92  0.07  0.09  21cm
J0859+4637   134.85133362    46.62149811  173.386810   40.939987   0.923  0.0  0.0  0.0  0.0  none
J1011+1304   152.79499817    13.06999969  225.403595   50.049366   1.287   0.900  17.34  0.03  0.04  R1
J1308+3005   197.12370300    30.09416580   72.325974   85.224838   0.803   0.821  17.67  0.03  0.03  Prox
J1125+5910   171.47438049    59.17255402  141.803314   54.710026   0.852   0.558  16.72  0.06  0.06  PLLS
J1126+3918   171.61662292    39.31244278  172.955917   68.542206   1.470  0.0  0.0  0.0  0.0  none
J1524+0958   231.10220337     9.97484970   14.891734   50.121964   1.324  0.0  0.0  0.0  0.0  none
J1319+5148   199.94262695    51.80169296  112.632095   64.756386   1.055  0.0  0.0  0.0  0.0  none
J1323+2910   200.83575439    29.16858292   50.967800   82.679070   0.966  0.0  0.0  0.0  0.0  none
J1351-0007   207.96008301    -0.12769440  333.434265   59.119324   1.444   1.159  17.76  0.0  0.0  R1,R2
J1437-0147   219.45112610    -1.78649998  348.718048   51.374485   1.310  0.0  0.0  0.0  0.0  none
J2342-0322   355.73583984    -3.37402773   85.401970  -61.151409   0.896  0.0  0.0  0.0  0.0  none
J1321+2847   200.31140137    28.79685593   48.886089   83.211334   1.703   1.135  17.61  0.04  0.04  R1,R2
J1630+3758   247.55661011    37.97251129   60.778488   43.314678   1.461  0.0  0.0  0.0  0.0  none
J0813+4813   123.40025330    48.21741486  171.174362   33.235970   0.871   0.866  17.52  0.0  0.0  Prox,21cm
J1343+2844   205.75083923    28.73555565   43.959831   78.503571   0.905  0.0  0.0  0.0  0.0  none
