# z Dz sumDX nabs lx bmlxlci_68.3 bmlxhci_68.3 bmlxlci_95.0 bmlxhci_95.0 Omega bmOlci_68.3 bmOhci_68.3 bmOlci_95.0 bmOhci_95.0
2.150 0.831 965 62 0.064 0.056 0.072 0.049 0.081 0.543 0.506 0.753 0.432 0.983
2.160 0.831 997 64 0.064 0.056 0.072 0.049 0.081 0.530 0.494 0.729 0.422 0.948
2.170 0.830 1023 66 0.064 0.057 0.072 0.050 0.081 0.527 0.489 0.727 0.422 0.940
2.180 0.827 1094 68 0.062 0.055 0.070 0.048 0.078 0.532 0.495 0.721 0.425 0.917
2.190 0.826 1140 68 0.060 0.052 0.067 0.046 0.075 0.511 0.476 0.695 0.407 0.885
2.200 0.824 1219 72 0.059 0.052 0.066 0.046 0.073 0.507 0.479 0.689 0.413 0.857
2.210 0.823 1271 78 0.061 0.054 0.068 0.048 0.076 0.504 0.477 0.682 0.414 0.848
2.220 0.821 1317 81 0.061 0.055 0.068 0.049 0.076 0.504 0.481 0.682 0.418 0.849
2.230 0.820 1376 85 0.062 0.055 0.068 0.049 0.076 0.502 0.480 0.672 0.421 0.837
2.240 0.818 1421 85 0.060 0.053 0.066 0.048 0.073 0.486 0.465 0.650 0.409 0.807
2.250 0.816 1512 90 0.060 0.053 0.066 0.048 0.072 0.488 0.467 0.643 0.406 0.788
2.260 0.815 1541 93 0.060 0.054 0.067 0.049 0.073 0.486 0.462 0.635 0.402 0.768
2.270 0.813 1582 94 0.059 0.053 0.065 0.048 0.072 0.475 0.455 0.629 0.398 0.776
2.280 0.811 1646 97 0.059 0.053 0.065 0.048 0.071 0.466 0.447 0.614 0.390 0.746
2.290 0.810 1692 100 0.059 0.053 0.065 0.048 0.071 0.462 0.445 0.606 0.391 0.734
2.300 0.808 1774 107 0.060 0.055 0.066 0.049 0.072 0.478 0.465 0.628 0.411 0.752
2.310 0.807 1791 107 0.060 0.054 0.065 0.049 0.072 0.473 0.457 0.612 0.405 0.732
2.320 0.805 1874 109 0.058 0.053 0.064 0.048 0.070 0.460 0.447 0.600 0.395 0.715
2.330 0.803 1950 113 0.058 0.053 0.063 0.048 0.069 0.475 0.463 0.615 0.409 0.730
2.340 0.801 2003 114 0.057 0.052 0.062 0.047 0.068 0.463 0.449 0.597 0.398 0.710
2.350 0.799 2087 116 0.056 0.050 0.061 0.046 0.066 0.455 0.447 0.592 0.397 0.704
2.360 0.798 2129 119 0.056 0.051 0.061 0.046 0.066 0.441 0.431 0.569 0.384 0.674
2.370 0.795 2220 126 0.057 0.052 0.062 0.047 0.067 0.444 0.432 0.568 0.385 0.670
2.380 0.794 2262 130 0.057 0.052 0.062 0.048 0.068 0.463 0.452 0.587 0.402 0.682
2.390 0.791 2349 141 0.060 0.055 0.065 0.051 0.070 0.496 0.482 0.622 0.433 0.719
2.400 0.791 2368 142 0.060 0.055 0.065 0.051 0.070 0.493 0.481 0.613 0.430 0.700
2.410 0.788 2488 151 0.061 0.056 0.066 0.051 0.071 0.495 0.482 0.610 0.432 0.701
2.420 0.787 2552 154 0.060 0.056 0.065 0.051 0.070 0.487 0.477 0.603 0.430 0.687
2.430 0.785 2609 153 0.059 0.054 0.063 0.050 0.068 0.473 0.464 0.591 0.418 0.678
2.440 0.783 2714 163 0.060 0.055 0.065 0.051 0.070 0.481 0.471 0.595 0.427 0.677
2.450 0.780 2820 177 0.063 0.058 0.067 0.054 0.072 0.494 0.486 0.605 0.440 0.690
2.460 0.778 2914 183 0.063 0.058 0.067 0.054 0.072 0.513 0.504 0.627 0.458 0.703
2.470 0.776 2982 186 0.062 0.058 0.067 0.054 0.072 0.507 0.498 0.617 0.453 0.694
2.480 0.775 3058 187 0.061 0.057 0.066 0.053 0.070 0.497 0.491 0.608 0.448 0.686
2.490 0.773 3133 191 0.061 0.057 0.065 0.053 0.070 0.490 0.484 0.598 0.439 0.674
2.500 0.770 3284 197 0.060 0.056 0.064 0.052 0.069 0.485 0.481 0.589 0.439 0.660
2.510 0.770 3291 197 0.060 0.056 0.064 0.052 0.068 0.484 0.478 0.589 0.436 0.663
2.520 0.768 3410 206 0.060 0.056 0.065 0.052 0.069 0.481 0.477 0.583 0.437 0.650
2.530 0.766 3501 212 0.061 0.056 0.065 0.053 0.069 0.483 0.482 0.586 0.442 0.656
2.540 0.763 3614 221 0.061 0.057 0.065 0.053 0.069 0.487 0.483 0.588 0.443 0.652
2.550 0.762 3692 225 0.061 0.057 0.065 0.053 0.069 0.474 0.473 0.569 0.435 0.628
2.560 0.758 3864 232 0.060 0.056 0.064 0.053 0.068 0.468 0.468 0.560 0.431 0.617
2.570 0.756 3970 238 0.060 0.056 0.064 0.053 0.068 0.465 0.466 0.557 0.430 0.615
2.580 0.754 4077 241 0.059 0.055 0.063 0.052 0.067 0.458 0.459 0.547 0.423 0.602
2.590 0.752 4197 251 0.060 0.056 0.064 0.053 0.067 0.454 0.457 0.544 0.422 0.598
2.600 0.751 4275 258 0.060 0.057 0.064 0.053 0.068 0.452 0.454 0.540 0.419 0.594
2.610 0.749 4358 264 0.061 0.057 0.064 0.053 0.068 0.454 0.458 0.543 0.424 0.593
2.620 0.746 4501 276 0.061 0.058 0.065 0.054 0.069 0.461 0.466 0.550 0.432 0.602
2.630 0.743 4661 290 0.062 0.059 0.066 0.055 0.070 0.467 0.470 0.554 0.435 0.604
2.640 0.743 4708 295 0.063 0.059 0.066 0.056 0.070 0.466 0.471 0.554 0.437 0.603
2.650 0.740 4825 305 0.063 0.060 0.067 0.056 0.070 0.467 0.472 0.554 0.439 0.602
2.660 0.737 4959 317 0.064 0.060 0.067 0.057 0.071 0.469 0.474 0.554 0.441 0.602
2.670 0.736 5065 327 0.065 0.061 0.068 0.058 0.072 0.474 0.479 0.558 0.446 0.607
2.680 0.733 5193 341 0.066 0.062 0.069 0.059 0.073 0.470 0.477 0.555 0.447 0.601
2.690 0.731 5234 346 0.066 0.063 0.070 0.059 0.073 0.478 0.483 0.564 0.450 0.609
2.700 0.730 5233 347 0.066 0.063 0.070 0.060 0.073 0.472 0.479 0.559 0.446 0.608
2.710 0.728 5229 351 0.067 0.064 0.071 0.060 0.074 0.473 0.480 0.560 0.449 0.606
2.720 0.727 5224 348 0.067 0.063 0.070 0.060 0.074 0.471 0.478 0.555 0.447 0.603
2.730 0.726 5217 348 0.067 0.063 0.070 0.060 0.074 0.470 0.477 0.555 0.447 0.603
2.740 0.725 5209 350 0.067 0.064 0.071 0.060 0.074 0.471 0.479 0.556 0.448 0.606
2.750 0.724 5199 349 0.067 0.064 0.071 0.060 0.074 0.474 0.483 0.561 0.451 0.608
2.760 0.722 5180 351 0.068 0.064 0.071 0.061 0.075 0.470 0.477 0.554 0.446 0.600
2.770 0.721 5169 352 0.068 0.064 0.072 0.061 0.075 0.471 0.480 0.556 0.449 0.603
2.780 0.720 5152 351 0.068 0.065 0.072 0.061 0.075 0.470 0.476 0.553 0.446 0.600
2.790 0.719 5136 344 0.067 0.063 0.071 0.060 0.074 0.466 0.472 0.549 0.440 0.597
2.800 0.717 5107 340 0.067 0.063 0.070 0.060 0.074 0.463 0.470 0.547 0.438 0.592
2.810 0.716 5093 341 0.067 0.063 0.071 0.060 0.074 0.472 0.479 0.558 0.446 0.604
2.820 0.715 5066 344 0.068 0.064 0.072 0.061 0.075 0.475 0.482 0.560 0.450 0.607
2.830 0.713 5038 343 0.068 0.064 0.072 0.061 0.075 0.480 0.486 0.564 0.455 0.610
2.840 0.713 5028 346 0.069 0.065 0.072 0.062 0.076 0.483 0.491 0.570 0.459 0.618
2.850 0.711 4995 347 0.069 0.066 0.073 0.062 0.077 0.486 0.493 0.572 0.461 0.618
2.860 0.710 4966 349 0.070 0.067 0.074 0.063 0.078 0.493 0.501 0.580 0.468 0.630
2.870 0.708 4926 349 0.071 0.067 0.075 0.064 0.078 0.494 0.502 0.582 0.470 0.629
2.880 0.707 4907 354 0.072 0.068 0.076 0.065 0.080 0.502 0.510 0.589 0.476 0.637
2.890 0.705 4859 352 0.072 0.069 0.076 0.065 0.080 0.507 0.517 0.597 0.484 0.645
2.900 0.705 4846 357 0.074 0.070 0.078 0.066 0.082 0.520 0.528 0.611 0.494 0.662
2.910 0.704 4814 356 0.074 0.070 0.078 0.066 0.082 0.519 0.528 0.610 0.495 0.658
2.920 0.702 4774 351 0.074 0.070 0.077 0.066 0.081 0.505 0.513 0.593 0.480 0.642
2.930 0.701 4738 348 0.073 0.070 0.077 0.066 0.081 0.508 0.518 0.600 0.485 0.648
2.940 0.700 4685 347 0.074 0.070 0.078 0.066 0.082 0.512 0.521 0.603 0.489 0.653
2.950 0.699 4658 348 0.075 0.071 0.079 0.067 0.083 0.517 0.527 0.609 0.492 0.658
2.960 0.698 4619 353 0.076 0.072 0.080 0.069 0.085 0.530 0.540 0.624 0.507 0.673
2.970 0.697 4588 348 0.076 0.072 0.080 0.068 0.084 0.525 0.535 0.619 0.502 0.668
2.980 0.695 4515 341 0.076 0.071 0.080 0.068 0.084 0.515 0.525 0.610 0.492 0.660
2.990 0.695 4492 333 0.074 0.070 0.078 0.066 0.082 0.503 0.514 0.596 0.480 0.646
3.000 0.694 4451 336 0.075 0.071 0.080 0.068 0.084 0.510 0.521 0.605 0.488 0.654
3.010 0.692 4387 335 0.076 0.072 0.081 0.068 0.085 0.519 0.529 0.616 0.493 0.669
3.020 0.691 4354 339 0.078 0.074 0.082 0.070 0.086 0.532 0.543 0.629 0.508 0.684
3.030 0.691 4332 339 0.078 0.074 0.082 0.070 0.087 0.534 0.544 0.631 0.508 0.681
3.040 0.689 4266 336 0.079 0.074 0.083 0.071 0.087 0.539 0.548 0.638 0.512 0.689
3.050 0.688 4207 332 0.079 0.075 0.083 0.071 0.088 0.543 0.553 0.642 0.516 0.694
3.060 0.688 4184 332 0.079 0.075 0.084 0.071 0.088 0.545 0.553 0.645 0.518 0.697
3.070 0.686 4118 330 0.080 0.076 0.085 0.072 0.089 0.548 0.557 0.648 0.522 0.700
3.080 0.686 4107 331 0.081 0.076 0.085 0.072 0.089 0.551 0.560 0.652 0.525 0.705
3.090 0.684 4019 322 0.080 0.076 0.085 0.072 0.089 0.546 0.556 0.646 0.521 0.699
3.100 0.684 3990 323 0.081 0.076 0.085 0.072 0.090 0.551 0.562 0.651 0.525 0.706
3.110 0.683 3962 321 0.081 0.077 0.086 0.072 0.090 0.553 0.563 0.655 0.527 0.713
3.120 0.682 3903 317 0.081 0.077 0.086 0.073 0.090 0.559 0.569 0.663 0.531 0.721
3.130 0.681 3860 313 0.081 0.077 0.086 0.072 0.090 0.559 0.568 0.663 0.528 0.720
3.140 0.680 3810 312 0.082 0.077 0.086 0.073 0.091 0.560 0.569 0.664 0.529 0.721
3.150 0.679 3764 312 0.083 0.078 0.088 0.074 0.092 0.566 0.574 0.671 0.534 0.732
3.160 0.678 3703 311 0.084 0.079 0.089 0.075 0.094 0.573 0.580 0.677 0.541 0.739
3.170 0.677 3648 306 0.084 0.079 0.089 0.075 0.094 0.584 0.590 0.691 0.548 0.751
3.180 0.676 3583 298 0.083 0.078 0.088 0.074 0.093 0.583 0.590 0.692 0.548 0.754
3.190 0.675 3536 293 0.083 0.078 0.088 0.074 0.093 0.582 0.591 0.695 0.550 0.761
3.200 0.675 3523 292 0.083 0.078 0.088 0.074 0.093 0.574 0.577 0.676 0.538 0.734
3.210 0.674 3467 287 0.083 0.078 0.088 0.073 0.093 0.589 0.596 0.703 0.553 0.769
3.220 0.673 3434 286 0.083 0.078 0.088 0.074 0.093 0.596 0.604 0.711 0.561 0.779
3.230 0.672 3366 280 0.083 0.078 0.088 0.074 0.093 0.592 0.596 0.704 0.554 0.774
3.240 0.672 3344 279 0.083 0.078 0.088 0.074 0.093 0.595 0.599 0.709 0.557 0.776
3.250 0.671 3276 270 0.082 0.077 0.087 0.073 0.093 0.599 0.606 0.718 0.562 0.789
3.260 0.670 3217 266 0.083 0.078 0.088 0.073 0.093 0.603 0.611 0.724 0.565 0.796
3.270 0.669 3193 262 0.082 0.077 0.087 0.072 0.092 0.596 0.603 0.716 0.558 0.791
3.280 0.668 3135 259 0.083 0.077 0.088 0.073 0.093 0.602 0.610 0.726 0.564 0.794
3.290 0.667 3091 255 0.082 0.077 0.088 0.073 0.093 0.600 0.607 0.723 0.561 0.794
3.300 0.666 3039 251 0.083 0.077 0.088 0.073 0.093 0.602 0.608 0.727 0.561 0.799
3.310 0.666 2998 246 0.082 0.077 0.087 0.072 0.093 0.601 0.608 0.726 0.562 0.805
3.320 0.665 2975 247 0.083 0.078 0.088 0.073 0.094 0.606 0.611 0.733 0.565 0.810
3.330 0.664 2898 240 0.083 0.077 0.088 0.073 0.094 0.595 0.600 0.714 0.554 0.786
3.340 0.664 2886 239 0.083 0.077 0.088 0.073 0.094 0.596 0.600 0.717 0.555 0.786
3.350 0.662 2824 231 0.082 0.076 0.087 0.072 0.093 0.586 0.589 0.706 0.543 0.781
3.360 0.662 2784 228 0.082 0.076 0.087 0.072 0.093 0.588 0.592 0.711 0.546 0.788
3.370 0.661 2747 230 0.084 0.078 0.089 0.073 0.095 0.608 0.611 0.729 0.564 0.800
3.380 0.660 2713 229 0.084 0.079 0.090 0.074 0.096 0.617 0.620 0.744 0.572 0.816
3.390 0.659 2650 229 0.086 0.081 0.092 0.076 0.098 0.623 0.623 0.746 0.574 0.826
3.400 0.658 2618 228 0.087 0.081 0.093 0.076 0.099 0.632 0.634 0.762 0.584 0.844
3.410 0.658 2574 224 0.087 0.081 0.093 0.076 0.099 0.659 0.660 0.802 0.609 0.892
3.420 0.657 2539 224 0.088 0.082 0.094 0.077 0.100 0.680 0.682 0.827 0.624 0.921
3.430 0.656 2499 226 0.090 0.084 0.096 0.079 0.103 0.696 0.693 0.841 0.637 0.936
3.440 0.655 2460 228 0.093 0.087 0.099 0.081 0.105 0.710 0.711 0.861 0.656 0.969
3.450 0.654 2415 225 0.093 0.087 0.099 0.081 0.106 0.718 0.716 0.873 0.656 0.976
3.460 0.653 2379 220 0.092 0.086 0.099 0.081 0.105 0.718 0.716 0.874 0.657 0.976
3.470 0.653 2351 219 0.093 0.087 0.099 0.081 0.106 0.722 0.722 0.885 0.662 0.989
3.480 0.652 2309 214 0.093 0.086 0.099 0.081 0.105 0.723 0.720 0.883 0.659 0.993
3.490 0.651 2288 216 0.094 0.088 0.101 0.082 0.107 0.733 0.727 0.893 0.667 0.998
3.500 0.650 2247 207 0.092 0.086 0.098 0.080 0.105 0.725 0.721 0.888 0.659 1.007
3.510 0.650 2214 204 0.092 0.086 0.099 0.080 0.105 0.726 0.716 0.884 0.651 1.003
3.520 0.649 2188 201 0.092 0.085 0.098 0.080 0.105 0.728 0.720 0.892 0.656 1.001
3.530 0.648 2148 195 0.091 0.084 0.097 0.078 0.104 0.715 0.707 0.880 0.642 0.996
3.540 0.647 2123 194 0.091 0.085 0.098 0.079 0.105 0.731 0.722 0.901 0.653 1.017
3.550 0.646 2079 184 0.089 0.082 0.095 0.076 0.102 0.705 0.696 0.874 0.632 0.997
3.560 0.646 2050 181 0.088 0.082 0.095 0.076 0.102 0.712 0.704 0.884 0.638 1.013
3.570 0.645 2019 180 0.089 0.083 0.096 0.077 0.103 0.712 0.707 0.886 0.640 1.007
3.580 0.644 1968 175 0.089 0.082 0.096 0.076 0.103 0.698 0.693 0.874 0.627 0.997
3.590 0.643 1955 173 0.088 0.082 0.095 0.076 0.102 0.695 0.684 0.867 0.619 0.996
3.600 0.643 1924 170 0.088 0.082 0.095 0.076 0.102 0.693 0.681 0.863 0.617 0.993
3.610 0.641 1875 161 0.086 0.079 0.093 0.073 0.100 0.681 0.670 0.853 0.603 0.983
3.620 0.640 1831 156 0.085 0.078 0.092 0.072 0.099 0.688 0.678 0.869 0.607 1.005
3.630 0.640 1808 155 0.086 0.079 0.093 0.073 0.100 0.697 0.687 0.877 0.618 1.019
3.640 0.639 1776 153 0.086 0.079 0.093 0.073 0.100 0.711 0.696 0.895 0.624 1.040
3.650 0.638 1752 150 0.086 0.079 0.093 0.072 0.100 0.690 0.677 0.871 0.609 1.013
3.660 0.638 1716 144 0.084 0.077 0.091 0.071 0.098 0.682 0.667 0.866 0.598 1.015
3.670 0.637 1684 140 0.083 0.076 0.090 0.070 0.097 0.671 0.651 0.853 0.581 0.995
3.680 0.636 1646 136 0.083 0.076 0.090 0.069 0.097 0.672 0.654 0.862 0.585 1.000
3.690 0.636 1638 134 0.082 0.075 0.089 0.069 0.096 0.670 0.657 0.859 0.586 1.015
3.700 0.635 1597 132 0.083 0.075 0.090 0.069 0.097 0.667 0.644 0.854 0.574 1.006
3.710 0.634 1576 132 0.084 0.077 0.091 0.070 0.099 0.697 0.678 0.894 0.600 1.052
3.720 0.633 1527 129 0.084 0.077 0.092 0.071 0.100 0.702 0.680 0.902 0.604 1.060
3.730 0.632 1501 128 0.085 0.078 0.093 0.071 0.101 0.704 0.679 0.903 0.601 1.075
3.740 0.632 1476 126 0.085 0.078 0.093 0.071 0.101 0.701 0.674 0.902 0.596 1.075
3.750 0.631 1456 125 0.086 0.078 0.093 0.071 0.101 0.708 0.682 0.913 0.601 1.091
3.760 0.631 1422 122 0.086 0.078 0.093 0.071 0.102 0.696 0.674 0.902 0.596 1.080
3.770 0.630 1398 122 0.087 0.079 0.095 0.072 0.103 0.708 0.684 0.921 0.605 1.099
3.780 0.629 1369 120 0.088 0.080 0.096 0.073 0.104 0.720 0.696 0.938 0.616 1.119
3.790 0.629 1344 119 0.089 0.080 0.097 0.073 0.105 0.731 0.706 0.955 0.625 1.142
3.800 0.628 1328 117 0.088 0.080 0.096 0.073 0.105 0.737 0.712 0.961 0.628 1.147
3.810 0.627 1283 110 0.086 0.078 0.094 0.070 0.102 0.715 0.687 0.939 0.602 1.122
3.820 0.626 1265 109 0.086 0.078 0.094 0.071 0.103 0.720 0.693 0.945 0.607 1.124
3.830 0.626 1245 109 0.088 0.079 0.096 0.072 0.105 0.731 0.704 0.965 0.620 1.159
3.840 0.625 1223 109 0.089 0.081 0.098 0.073 0.107 0.740 0.710 0.965 0.620 1.154
3.850 0.624 1187 106 0.089 0.081 0.098 0.073 0.107 0.706 0.678 0.931 0.598 1.124
3.860 0.624 1174 105 0.089 0.081 0.098 0.073 0.107 0.697 0.669 0.921 0.590 1.137
3.870 0.623 1154 102 0.088 0.080 0.097 0.072 0.106 0.698 0.670 0.925 0.587 1.127
3.880 0.623 1139 101 0.089 0.080 0.097 0.072 0.107 0.703 0.672 0.928 0.589 1.125
3.890 0.622 1109 102 0.092 0.083 0.101 0.075 0.111 0.708 0.676 0.932 0.590 1.140
3.900 0.622 1097 101 0.092 0.083 0.101 0.075 0.111 0.714 0.679 0.935 0.598 1.137
3.910 0.621 1065 98 0.092 0.083 0.101 0.075 0.111 0.715 0.679 0.941 0.595 1.174
3.920 0.620 1046 95 0.091 0.081 0.100 0.073 0.110 0.717 0.676 0.942 0.589 1.164
3.930 0.620 1037 94 0.091 0.081 0.100 0.073 0.110 0.721 0.683 0.952 0.593 1.173
3.940 0.619 1006 89 0.088 0.079 0.098 0.071 0.108 0.723 0.681 0.962 0.592 1.191
3.950 0.618 1000 88 0.088 0.079 0.097 0.071 0.107 0.736 0.695 0.982 0.603 1.231
3.960 0.617 973 81 0.083 0.074 0.092 0.066 0.102 0.713 0.673 0.960 0.582 1.219
3.970 0.617 958 80 0.083 0.074 0.093 0.066 0.103 0.719 0.679 0.963 0.586 1.191
3.980 0.616 942 80 0.085 0.075 0.094 0.067 0.104 0.724 0.681 0.970 0.588 1.207
3.990 0.616 927 80 0.086 0.077 0.096 0.068 0.106 0.756 0.714 1.016 0.614 1.289
4.000 0.615 907 77 0.085 0.075 0.094 0.067 0.105 0.737 0.694 0.997 0.598 1.269
4.010 0.614 892 74 0.083 0.073 0.092 0.065 0.103 0.728 0.680 0.991 0.583 1.259
4.020 0.614 875 72 0.082 0.073 0.092 0.064 0.102 0.746 0.693 1.009 0.596 1.269
4.030 0.613 853 70 0.082 0.072 0.092 0.064 0.102 0.683 0.637 0.905 0.544 1.113
4.040 0.613 845 72 0.085 0.075 0.095 0.067 0.106 0.748 0.698 0.999 0.597 1.230
4.050 0.612 834 70 0.084 0.074 0.094 0.065 0.105 0.714 0.670 0.965 0.574 1.196
4.060 0.611 817 67 0.082 0.072 0.092 0.064 0.103 0.682 0.633 0.915 0.539 1.143
4.070 0.610 792 65 0.082 0.072 0.092 0.063 0.103 0.670 0.623 0.894 0.535 1.112
4.080 0.610 785 65 0.083 0.073 0.093 0.064 0.104 0.675 0.634 0.902 0.543 1.133
4.090 0.609 769 64 0.083 0.073 0.093 0.064 0.105 0.685 0.641 0.925 0.549 1.149
4.100 0.609 757 63 0.083 0.073 0.094 0.064 0.105 0.682 0.629 0.910 0.537 1.129
4.110 0.608 738 61 0.083 0.072 0.093 0.063 0.105 0.678 0.633 0.919 0.538 1.140
4.120 0.608 733 61 0.083 0.073 0.094 0.064 0.105 0.681 0.638 0.924 0.545 1.157
4.130 0.607 714 60 0.084 0.073 0.095 0.064 0.106 0.657 0.612 0.884 0.524 1.120
4.140 0.606 703 59 0.084 0.073 0.095 0.064 0.107 0.660 0.616 0.896 0.526 1.156
4.150 0.606 692 59 0.085 0.074 0.096 0.065 0.108 0.665 0.622 0.908 0.533 1.157
4.160 0.605 679 58 0.085 0.074 0.096 0.065 0.109 0.672 0.629 0.915 0.533 1.145
4.170 0.605 664 57 0.086 0.074 0.097 0.065 0.109 0.638 0.600 0.878 0.513 1.140
4.180 0.604 655 57 0.087 0.076 0.098 0.066 0.111 0.647 0.608 0.890 0.520 1.131
4.190 0.603 637 53 0.083 0.072 0.094 0.062 0.107 0.603 0.559 0.851 0.476 1.133
4.200 0.603 627 51 0.081 0.070 0.093 0.061 0.105 0.597 0.554 0.843 0.468 1.147
4.210 0.602 619 50 0.081 0.069 0.092 0.060 0.105 0.601 0.557 0.842 0.472 1.124
4.220 0.602 604 49 0.081 0.070 0.093 0.060 0.105 0.610 0.564 0.865 0.475 1.158
4.230 0.601 593 49 0.083 0.071 0.094 0.061 0.107 0.621 0.573 0.880 0.486 1.179
4.240 0.600 581 49 0.084 0.072 0.096 0.062 0.110 0.634 0.588 0.895 0.494 1.187
4.250 0.600 572 49 0.086 0.073 0.098 0.063 0.111 0.643 0.595 0.907 0.505 1.203
4.260 0.599 560 48 0.086 0.073 0.098 0.063 0.112 0.647 0.593 0.913 0.499 1.208
4.270 0.598 543 45 0.083 0.071 0.095 0.060 0.109 0.628 0.578 0.908 0.485 1.219
4.280 0.598 538 45 0.084 0.071 0.096 0.061 0.110 0.635 0.580 0.904 0.488 1.222
4.290 0.597 527 45 0.085 0.073 0.098 0.062 0.112 0.648 0.594 0.932 0.498 1.238
4.300 0.597 516 45 0.087 0.074 0.100 0.064 0.114 0.661 0.606 0.946 0.512 1.278
4.310 0.596 507 46 0.091 0.077 0.104 0.066 0.119 0.692 0.636 0.980 0.535 1.325
4.320 0.596 500 46 0.092 0.079 0.105 0.067 0.120 0.702 0.648 0.998 0.541 1.353
4.330 0.595 485 41 0.085 0.071 0.098 0.061 0.112 0.603 0.551 0.888 0.459 1.284
4.340 0.594 478 39 0.081 0.069 0.094 0.058 0.109 0.582 0.526 0.847 0.441 1.195
4.350 0.594 472 38 0.080 0.067 0.093 0.057 0.108 0.584 0.530 0.865 0.440 1.221
4.360 0.593 460 37 0.080 0.067 0.093 0.057 0.108 0.593 0.541 0.889 0.449 1.267
4.370 0.593 450 36 0.080 0.067 0.093 0.056 0.108 0.590 0.538 0.882 0.445 1.288
4.380 0.592 441 36 0.082 0.068 0.095 0.057 0.110 0.601 0.547 0.898 0.454 1.288
4.390 0.591 428 36 0.084 0.070 0.098 0.059 0.114 0.621 0.571 0.936 0.471 1.350
4.400 0.591 424 36 0.085 0.071 0.099 0.059 0.115 0.627 0.576 0.945 0.479 1.357
4.410 0.590 416 36 0.087 0.072 0.101 0.061 0.117 0.640 0.587 0.954 0.487 1.364
4.420 0.590 408 35 0.086 0.071 0.100 0.060 0.116 0.641 0.589 0.970 0.486 1.432
4.430 0.589 398 34 0.085 0.071 0.100 0.059 0.116 0.649 0.594 0.986 0.489 1.423
4.440 0.588 389 35 0.090 0.075 0.105 0.063 0.122 0.681 0.627 1.035 0.521 1.502
4.450 0.588 384 37 0.096 0.081 0.112 0.068 0.130 0.731 0.678 1.087 0.566 1.547
4.460 0.587 371 36 0.097 0.081 0.113 0.068 0.131 0.740 0.681 1.094 0.566 1.586
4.470 0.587 364 37 0.102 0.085 0.118 0.071 0.137 0.788 0.732 1.169 0.615 1.626
4.480 0.586 355 38 0.107 0.090 0.124 0.076 0.143 0.828 0.773 1.220 0.654 1.692
4.490 0.585 343 34 0.099 0.082 0.116 0.069 0.135 0.820 0.766 1.212 0.638 1.727
4.500 0.585 339 34 0.100 0.083 0.117 0.069 0.137 0.831 0.774 1.225 0.644 1.730
4.510 0.584 327 33 0.101 0.083 0.118 0.069 0.138 0.841 0.777 1.248 0.650 1.768
4.520 0.584 322 33 0.102 0.085 0.120 0.070 0.140 0.855 0.795 1.288 0.665 1.791
4.530 0.583 311 32 0.103 0.085 0.121 0.070 0.141 0.856 0.796 1.314 0.660 1.909
4.540 0.583 305 31 0.102 0.083 0.120 0.069 0.140 0.817 0.756 1.263 0.630 1.884
4.550 0.582 298 31 0.104 0.085 0.122 0.071 0.143 0.835 0.771 1.295 0.647 1.911
4.560 0.582 293 32 0.109 0.090 0.128 0.075 0.150 0.880 0.815 1.342 0.680 1.967
4.570 0.581 284 30 0.105 0.086 0.125 0.071 0.146 0.789 0.727 1.222 0.608 1.977
4.580 0.580 275 29 0.105 0.086 0.125 0.071 0.147 0.802 0.732 1.232 0.610 1.934
4.590 0.580 267 29 0.109 0.089 0.129 0.073 0.152 0.827 0.759 1.273 0.630 1.986
4.600 0.579 256 27 0.105 0.085 0.125 0.069 0.149 0.784 0.721 1.246 0.599 2.169
4.610 0.579 252 26 0.103 0.083 0.123 0.067 0.146 0.773 0.708 1.231 0.585 2.119
4.620 0.578 244 24 0.098 0.079 0.118 0.063 0.141 0.601 0.554 0.834 0.454 1.029
4.630 0.577 237 24 0.101 0.081 0.121 0.065 0.145 0.617 0.575 0.869 0.473 1.085
4.640 0.577 231 24 0.104 0.083 0.125 0.067 0.149 0.616 0.575 0.857 0.467 1.057
4.650 0.576 222 24 0.108 0.086 0.129 0.069 0.155 0.632 0.590 0.876 0.479 1.091
4.660 0.576 213 23 0.108 0.085 0.130 0.068 0.156 0.627 0.576 0.868 0.467 1.065
4.670 0.575 211 23 0.109 0.086 0.131 0.069 0.157 0.633 0.582 0.881 0.474 1.105
4.680 0.574 200 20 0.100 0.078 0.122 0.061 0.148 0.607 0.557 0.867 0.443 1.114
4.690 0.574 195 19 0.097 0.075 0.119 0.059 0.146 0.602 0.552 0.867 0.442 1.107
4.700 0.574 191 19 0.099 0.077 0.122 0.060 0.149 0.615 0.560 0.879 0.444 1.119
4.710 0.573 181 18 0.099 0.076 0.122 0.059 0.150 0.595 0.541 0.852 0.427 1.097
4.720 0.572 175 18 0.103 0.079 0.126 0.061 0.155 0.617 0.560 0.889 0.444 1.159
4.730 0.572 168 17 0.101 0.077 0.125 0.059 0.154 0.617 0.561 0.908 0.437 1.181
4.740 0.571 162 17 0.104 0.079 0.129 0.061 0.160 0.639 0.576 0.939 0.451 1.208
4.750 0.570 156 17 0.109 0.083 0.135 0.063 0.166 0.666 0.604 0.974 0.474 1.283
4.760 0.570 151 17 0.112 0.085 0.139 0.065 0.171 0.686 0.621 1.010 0.488 1.303
